1403636579763555840.000000 0.000000000 0.000000000 0.000000000 -0.000000000 -0.000000000 -0.000000000 1.000000000
1403636579813555456.000000 0.001590456 0.035437938 0.015996909 0.001463480 0.002421415 -0.000646282 0.999995828
1403636579863555584.000000 0.001904237 0.079186544 0.032445844 -0.000691442 0.004659120 -0.002426653 0.999985993
1403636580063555840.000000 -0.003551640 0.300804138 0.099728264 -0.020690247 0.005743152 -0.000584382 0.999769270
1403636580263555840.000000 -0.008674888 0.517147005 0.157567859 -0.029893935 0.004222861 0.002483998 0.999541104
1403636580363555584.000000 -0.011871092 0.604514360 0.173887625 -0.039281812 0.003217821 -0.000449886 0.999222875
1403636580463555584.000000 -0.015195602 0.669889808 0.182502955 -0.055591356 0.002710507 -0.002372758 0.998447120
1403636580763555840.000000 -0.025729965 0.487306297 0.130319551 -0.062802605 0.003603730 -0.006065677 0.998001039
1403636582213555456.000000 -0.005462179 0.597786427 0.161371082 -0.059010852 0.018610174 -0.010738855 0.998026073
1403636586963555584.000000 0.085462615 0.228809997 -0.089444280 -0.187038973 0.030990936 0.010977292 0.981802166
1403636587813555456.000000 0.497234076 0.177322447 0.015979387 -0.186193109 0.044274863 0.023585066 0.981231689
1403636588013555456.000000 0.660243332 0.180618420 0.033068486 -0.195604503 0.060269974 0.028012095 0.978428185
1403636588113555456.000000 0.723052561 0.189491317 0.039717700 -0.203603432 0.065036051 0.031047139 0.976397514
1403636588213555456.000000 0.770239711 0.197848842 0.044941239 -0.205799326 0.064998567 0.030503985 0.975956619
1403636588313555456.000000 0.796372175 0.203327626 0.048824556 -0.203319192 0.063214719 0.031817645 0.976551533
1403636588463555584.000000 0.799050510 0.209655017 0.047524340 -0.198987365 0.060958754 0.034225687 0.977505326
1403636589063555840.000000 0.424199373 0.206959188 -0.019159880 -0.197696462 0.042707723 0.027616709 0.978943050
1403636589863555584.000000 -0.425463051 0.243340760 -0.105349824 -0.197562829 0.005440712 0.008092209 0.980241716
1403636589963555584.000000 -0.503475010 0.259267956 -0.109115086 -0.202250049 -0.003716009 0.007927661 0.979294777
1403636590063555840.000000 -0.565798759 0.267427385 -0.113882020 -0.199234053 -0.011444995 0.007476370 0.979856610
1403636590213555456.000000 -0.614163518 0.268036306 -0.120850302 -0.190032080 -0.018583311 0.006407684 0.981581092
1403636590663555584.000000 -0.393614531 0.239976078 -0.148781076 -0.187149480 0.003958330 0.001497848 0.982322335
1403636590863555584.000000 -0.195673853 0.234369725 -0.141815141 -0.194417328 0.012499882 0.007372100 0.980811596
1403636591113555456.000000 0.073650435 0.231590405 -0.116129518 -0.196821228 0.014242467 0.010760933 0.980276883
1403636591213555456.000000 0.172223836 0.230102181 -0.103767306 -0.197006583 0.015020733 0.013497142 0.980194211
1403636591363555584.000000 0.294401079 0.236706987 -0.082527377 -0.200922623 0.020182738 0.015821401 0.979271412
1403636591613555456.000000 0.413296431 0.264074713 -0.031576190 -0.190887183 0.040763188 0.020158628 0.980558038
1403636591713555456.000000 0.439011157 0.269580871 -0.006462215 -0.171636268 0.052853338 0.019909309 0.983540118
1403636592063555840.000000 0.500902057 0.246688843 0.068640098 -0.142626539 0.088095590 0.030763252 0.985368192
1403636592663555584.000000 0.512484848 0.135388583 0.422084153 -0.154619604 0.059936322 0.029889878 0.985701323
1403636592813555456.000000 0.400424480 0.112134703 0.504270732 -0.152486965 0.026350841 0.017022742 0.987807453
1403636592963555584.000000 0.225961477 0.116412215 0.534470439 -0.159384206 -0.017388226 0.006485352 0.987042189
1403636593113555456.000000 0.024214152 0.137375608 0.485401332 -0.166895673 -0.059275862 -0.005956979 0.984173119
1403636593563555840.000000 -0.378503889 0.281523377 0.069331639 -0.180704266 -0.102659114 -0.006965983 0.978140354
1403636593713555456.000000 -0.340764076 0.346773386 -0.068769611 -0.194072381 -0.079383612 0.007936797 0.977737784
1403636593863555584.000000 -0.224834636 0.397165269 -0.182338908 -0.196258724 -0.031829026 0.028970057 0.979607165
1403636594013555456.000000 -0.056200009 0.422191501 -0.253134966 -0.179918408 0.028874511 0.049088735 0.982031524
1403636594163555584.000000 0.138804168 0.421829462 -0.264492303 -0.172937974 0.083066322 0.066720515 0.979153156
1403636594313555456.000000 0.336615682 0.404284626 -0.203326851 -0.174783781 0.120084360 0.073895186 0.974458754
1403636594463555584.000000 0.525611043 0.365129501 -0.080447502 -0.168070108 0.138791755 0.067378856 0.973626971
1403636594613555456.000000 0.659313917 0.311647832 0.080978855 -0.152210474 0.139798969 0.064100146 0.976309061
1403636595913555712.000000 0.112767905 0.446349770 -0.013181514 -0.164804757 -0.012736602 -0.003736286 0.986236870
1403636596063555840.000000 0.281853080 0.490451068 -0.100996092 -0.169772491 0.032615311 0.008817702 0.984903991
1403636596213555456.000000 0.332156658 0.519880891 -0.209013283 -0.174067274 0.061331671 0.022439247 0.982565761
1403636596413555712.000000 0.210627928 0.530912399 -0.377066165 -0.166325152 0.066914946 0.029237021 0.983363390
1403636596563555840.000000 0.077811353 0.534538269 -0.506253660 -0.158844307 0.063308947 0.020651223 0.985055327
1403636596713555456.000000 -0.020476110 0.544901967 -0.577773869 -0.160835877 0.062267695 0.017033637 0.984867692
1403636597213555456.000000 0.072127536 0.438703597 -0.166035280 -0.174221039 0.049883272 -0.000986424 0.983441770
1403636598163555584.000000 -0.079333492 0.378612041 0.067481942 -0.155811816 -0.076435588 -0.050655089 0.983521402
1403636598313555456.000000 -0.060353946 0.455685645 -0.033111013 -0.181555450 -0.067847364 -0.054332901 0.979531705
1403636598463555584.000000 -0.021064002 0.513228714 -0.040476065 -0.187720045 -0.056674365 -0.059147283 0.978800714
1403636598613555456.000000 0.018904407 0.533117115 0.042679906 -0.172700047 -0.062079214 -0.058965053 0.981246114
1403636598763555840.000000 0.050308980 0.542309165 0.169788003 -0.144709051 -0.079901949 -0.056907702 0.984599650
1403636598913555712.000000 0.075722560 0.576730132 0.297752887 -0.110356562 -0.090939544 -0.051575027 0.988378167
1403636599063555840.000000 0.097605310 0.622924507 0.401992530 -0.084809214 -0.094553754 -0.049252313 0.990677178
1403636599213555456.000000 0.106479637 0.647373438 0.467044741 -0.046361990 -0.103715196 -0.042283501 0.992625773
1403636599663555584.000000 0.118636675 0.705586791 0.590256572 -0.009440179 -0.083537966 -0.032680791 0.995923817
1403636613313555456.000000 0.135233954 0.716331184 0.591555595 0.019606160 -0.086260259 -0.018370563 0.995910287
1403636623813555456.000000 0.135956377 0.715472937 0.592020929 0.019439513 -0.085058838 -0.017711969 0.996028841
1403636624313555456.000000 0.137413964 0.715380967 0.591125965 0.015750794 -0.082210191 -0.018041424 0.996327221
1403636624613555456.000000 0.176722094 0.722556055 0.567528605 -0.005903991 -0.072192915 -0.021758575 0.997135818
1403636624763555840.000000 0.217029244 0.732647538 0.546553612 -0.000745302 -0.068026215 -0.030511158 0.997216582
1403636624913555712.000000 0.273527920 0.737845004 0.505216062 -0.013670201 -0.061268196 -0.053475872 0.996594012
1403636625113555456.000000 0.330540776 0.683262289 0.422812104 -0.037017185 -0.056511067 -0.071051344 0.995182395
1403636625263555840.000000 0.342793822 0.594540536 0.365695536 -0.034468818 -0.061717108 -0.059072368 0.995747685
1403636625563555840.000000 0.344070196 0.576030970 0.359290898 -0.035714738 -0.066668607 -0.055682354 0.995579839
1403636627413555712.000000 0.427812696 -0.053471465 0.343995243 -0.006247156 -0.083663791 -0.052315008 0.995100260
1403636627613555456.000000 0.471544802 -0.138065115 0.285366327 -0.008787717 -0.074758627 -0.045335419 0.996131837
1403636627863555584.000000 0.551101983 -0.088907965 0.266442657 -0.033555053 -0.047001660 -0.040790021 0.997497439
1403636628913555712.000000 0.919954479 -0.393539310 0.411172003 -0.019978331 -0.010743695 -0.023379993 0.999469280
1403636629113555456.000000 1.045273542 -0.447793931 0.447658300 -0.028062582 0.001886827 -0.023648502 0.999324620
1403636629313555456.000000 1.171557069 -0.517557740 0.508837461 -0.022921156 0.020749688 -0.014931313 0.999410391
1403636629713555456.000000 1.471451283 -0.522596717 0.715977728 -0.024859631 0.069098502 0.013928753 0.997202814
1403636629863555584.000000 1.615758181 -0.472178459 0.820915401 -0.034665562 0.102422506 0.022080816 0.993891537
1403636630013555456.000000 1.765470624 -0.435689628 0.953152299 -0.036412977 0.129563615 0.029656414 0.990458429
1403636630613555456.000000 2.356319904 -0.717024863 1.428326249 -0.015543318 0.156821385 0.024782354 0.987193644
1403636630763555840.000000 2.492498159 -0.819984972 1.542593598 -0.018387780 0.153546557 0.021184683 0.987743199
1403636631363555584.000000 3.012542725 -0.996093631 2.097090721 -0.010040967 0.142481729 0.025820365 0.989409626
1403636632963555584.000000 3.925651789 -1.156724691 3.623298407 -0.021642409 0.067480884 -0.000265269 0.997485757
1403636633113555456.000000 3.996941090 -1.219380856 3.763821840 -0.017875032 0.046491329 -0.016485956 0.998622715
1403636633313555456.000000 4.078743935 -1.277207255 3.997046947 -0.020404773 0.029984195 -0.020978082 0.999121845
1403636633763555840.000000 4.259515762 -1.325404167 4.596351624 -0.032131653 0.029384408 -0.009016756 0.999010921
1403636634063555840.000000 4.404415131 -1.471730471 5.030484200 -0.025947418 0.032906711 0.008789300 0.999082923
1403636634613555456.000000 4.790481567 -1.817336559 5.883306980 -0.006530750 0.031670783 -0.016755980 0.999336600
1403636634763555840.000000 4.892356873 -1.874193192 6.119487286 -0.007174672 0.021541862 -0.024084024 0.999452114
1403636634963555584.000000 5.014614105 -1.978152275 6.406270504 -0.015507743 0.008213853 -0.028155459 0.999449492
1403636635163555584.000000 5.115355015 -2.109518528 6.684193134 -0.020406345 0.000273088 -0.033682469 0.999224246
1403636635363555584.000000 5.202606201 -2.197252274 6.988384247 -0.026681719 -0.006591332 -0.026874552 0.999260962
1403636635563555840.000000 5.293846130 -2.297588348 7.301450253 -0.027926464 -0.009808062 -0.019747946 0.999366760
1403636635763555840.000000 5.398377895 -2.474028826 7.605902672 -0.021692010 -0.009850315 -0.014699015 0.999608099
1403636635913555712.000000 5.483819008 -2.651363134 7.835392475 -0.016531263 -0.011969089 -0.003035402 0.999787092
1403636636113555456.000000 5.627718449 -2.887750864 8.136676788 -0.032325346 -0.006355180 -0.013960121 0.999359667
1403636636513555456.000000 5.960809231 -3.421768188 8.740093231 0.011492367 -0.000337209 -0.033699550 0.999365866
1403636636713555456.000000 6.110020161 -3.599638462 9.014284134 0.012851904 0.005070511 -0.049642399 0.998671532
1403636636963555584.000000 6.228310108 -3.695175171 9.319778442 0.005631533 0.005172023 -0.055302903 0.998440325
1403636637363555584.000000 6.290708542 -3.718639135 9.744135857 -0.017285934 -0.006773421 -0.034319002 0.999238491
1403636637563555840.000000 6.310876369 -3.793171167 9.927603722 -0.022172431 -0.009988721 -0.033791084 0.999132991
1403636637963555584.000000 6.314724922 -4.132275581 10.269467354 -0.013065582 -0.013941448 -0.033547718 0.999254465
1403636638163555584.000000 6.311774254 -4.228399277 10.471770287 -0.005932164 -0.015270503 -0.032638796 0.999332964
1403636638413555712.000000 6.316576481 -4.236571312 10.733865738 -0.023340520 -0.019862425 -0.022206929 0.999283493
1403636638613555456.000000 6.334784031 -4.212300301 10.962143898 -0.049026411 -0.022441912 -0.014695967 0.998437166
1403636638813555456.000000 6.381849766 -4.282093048 11.226161003 -0.033999130 -0.019014066 -0.028220214 0.998842418
1403636639013555456.000000 6.428386211 -4.440847397 11.494153976 -0.023444124 -0.023092609 -0.018429153 0.999288499
1403636639213555456.000000 6.504224777 -4.566897392 11.786124229 -0.023347175 -0.029550429 -0.000242137 0.999290586
1403636639363555584.000000 6.594387531 -4.592894554 12.035386086 -0.024616675 -0.026195379 -0.009603878 0.999307573
1403636639563555840.000000 6.747761726 -4.583203316 12.385158539 -0.020875320 -0.017548479 -0.036327776 0.998967767
1403636640963555584.000000 7.512218952 -5.002089024 14.208755493 -0.010071079 -0.057488274 -0.052248787 0.996927202
1403636641763555840.000000 7.786880970 -5.070841789 14.886240959 -0.006656182 -0.053447068 -0.046414752 0.997469187
1403636641913555712.000000 7.843513489 -5.120951653 14.962624550 -0.004701954 -0.051888235 -0.046684258 0.997550011
1403636643113555456.000000 8.234061241 -5.293604851 15.418209076 -0.017486110 0.003163767 -0.020933060 0.999622941
1403636643713555456.000000 8.460714340 -5.424073219 15.661718369 -0.035970669 -0.001534788 -0.022790791 0.999091744
1403636643913555712.000000 8.547574043 -5.550258160 15.770364761 -0.045026880 -0.002129099 -0.025928553 0.998646975
1403636644063555840.000000 8.613911629 -5.618307590 15.902877808 -0.048444074 -0.001875911 -0.027660696 0.998441041
1403636644213555456.000000 8.682166100 -5.674819469 16.063961029 -0.042336047 -0.002633268 -0.025359014 0.998778105
1403636644513555456.000000 8.823065758 -5.750637531 16.483680725 -0.004440438 -0.011822334 0.004436194 0.999910414
1403636645813555456.000000 9.947778702 -5.700341702 18.421226501 -0.035761543 0.006555439 -0.024546610 0.999037325
1403636645963555584.000000 10.068513870 -5.819029331 18.717891693 -0.032848902 0.006667256 -0.021030327 0.999216795
1403636646113555456.000000 10.187054634 -5.982215405 19.015731812 -0.021418896 0.018842889 -0.007004459 0.999568462
1403636646263555840.000000 10.327835083 -6.148411751 19.316194534 -0.011260900 0.047134429 0.012165102 0.998751044
1403636646413555712.000000 10.490643501 -6.275885582 19.611694336 0.001823381 0.086317495 0.030531121 0.995798111
1403636646563555840.000000 10.665154457 -6.402796745 19.895170212 0.013688725 0.122509755 0.030293876 0.991910398
1403636646963555584.000000 11.123093605 -6.814414024 20.437562943 0.005934317 0.158161163 0.033527080 0.986826122
1403636647513555456.000000 11.706424713 -7.179264545 21.017599106 0.003125016 0.151524782 0.037257478 0.987746119
1403636647813555456.000000 12.033123970 -7.319839001 21.263879776 0.009016616 0.153600991 0.038368370 0.987346649
1403636648113555456.000000 12.399106026 -7.361269951 21.435417175 0.005744531 0.195611119 0.049729731 0.979403019
1403636649213555456.000000 13.735943794 -7.259635925 21.594362259 -0.003272447 0.352809072 0.096617751 0.930687964
1403636649763555840.000000 14.301171303 -7.758660793 21.448421478 0.011390082 0.349989861 0.095888026 0.931763291
1403636650113555456.000000 14.599548340 -7.933927536 21.293378830 0.014750674 0.373050451 0.097498730 0.922556162
1403636650463555584.000000 14.839304924 -7.881253242 21.131366730 0.007592332 0.441144824 0.124528192 0.888721764
1403636651013555456.000000 15.114005089 -7.659578800 20.798995972 0.007874781 0.501478314 0.142417848 0.853331506
1403636651263555840.000000 15.168986320 -7.693429470 20.640193939 0.006162562 0.500381887 0.141975358 0.854062676
1403636652113555456.000000 15.191946030 -7.496096611 19.920612335 0.022097347 0.535689652 0.165306956 0.827781320
1403636652413555712.000000 15.143801689 -7.223176003 19.594501495 -0.005844889 0.615219474 0.201414332 0.762170017
1403636653113555456.000000 15.205017090 -6.900041103 18.768493652 -0.016534783 0.656246245 0.217208549 0.722418189
1403636653213555456.000000 15.254116058 -6.851490974 18.672740936 -0.009917201 0.656621814 0.208672374 0.724710524
1403636653813555456.000000 15.499794960 -6.775345325 18.061429977 0.006721565 0.646728098 0.185613349 0.739760280
1403636654063555840.000000 15.513497353 -6.687663555 17.866250992 0.008357427 0.644275427 0.191051260 0.740499079
1403636654163555584.000000 15.519682884 -6.638946056 17.789142609 0.011057696 0.646551549 0.193457901 0.737850189
1403636654613555456.000000 15.435331345 -6.569051743 17.380432129 -0.000192569 0.695867300 0.214619011 0.685352087
1403636654813555456.000000 15.370141983 -6.569557190 17.194442749 -0.003653849 0.710993290 0.228898495 0.664891481
1403636655263555840.000000 15.205304146 -6.405123711 16.879142761 0.015070004 0.729533732 0.216183811 0.648704886
1403636655463555584.000000 15.083937645 -6.325128555 16.763101578 0.021007635 0.739495039 0.219571754 0.635998428
1403636655763555840.000000 14.819079399 -6.185124874 16.567356110 0.008207195 0.756080925 0.252246261 0.603859365
1403636655963555584.000000 14.635728836 -5.997942924 16.446603775 0.009199732 0.774266183 0.267560095 0.573444724
1403636656063555840.000000 14.551984787 -5.909928322 16.370616913 0.011083978 0.783586740 0.270544708 0.559173048
1403636656263555840.000000 14.386823654 -5.794283867 16.194128036 0.003086002 0.795003831 0.273337454 0.541521966
1403636656363555584.000000 14.300109863 -5.765101433 16.097778320 0.000810044 0.797069609 0.275280893 0.537494123
1403636656563555840.000000 14.147172928 -5.762781143 15.857321739 -0.002170579 0.797773659 0.274239004 0.536978066
1403636656763555840.000000 14.018281937 -5.759151459 15.612108231 0.009597878 0.801538944 0.255857736 0.540351689
1403636656963555584.000000 13.882269859 -5.682530880 15.392182350 0.014237940 0.803323090 0.241045669 0.544395447
1403636657063555840.000000 13.801609039 -5.632366657 15.294119835 0.018362019 0.802167535 0.240440637 0.546240211
1403636657363555584.000000 13.496240616 -5.458377361 15.006286621 0.022522371 0.795740485 0.252607852 0.549980998
1403636657463555584.000000 13.377600670 -5.418411255 14.917864799 0.019212652 0.792512894 0.263688743 0.549565673
1403636657563555840.000000 13.254532814 -5.355540276 14.817389488 0.016077992 0.790122151 0.271079987 0.549512625
1403636657763555840.000000 13.006049156 -5.218434811 14.616268158 0.016532296 0.790812135 0.273242116 0.547431946
1403636657863555584.000000 12.881880760 -5.122179508 14.503503799 0.019904152 0.791036546 0.278208077 0.544486284
1403636658063555840.000000 12.632056236 -4.956711769 14.261468887 0.017588910 0.791393042 0.286302090 0.539832294
1403636658363555584.000000 12.274419785 -4.763307571 13.776947975 -0.004039270 0.799630463 0.273152262 0.534754753
1403636658463555584.000000 12.166607857 -4.693114281 13.617467880 -0.009777904 0.800670683 0.272041738 0.533689201
1403636658563555840.000000 12.062851906 -4.602041721 13.460237503 -0.016797304 0.802651107 0.267266959 0.532951593
1403636658663555584.000000 11.975767136 -4.513534546 13.307929993 -0.020743866 0.803990901 0.264131010 0.532356083
1403636658863555584.000000 11.831707001 -4.338573456 13.026272774 -0.023981089 0.808709085 0.250933379 0.531457424
1403636658963555584.000000 11.770452499 -4.250814438 12.907609940 -0.015139531 0.809636176 0.248724401 0.531409681
1403636659063555840.000000 11.713659286 -4.158593178 12.797430992 -0.005460812 0.810094714 0.247299239 0.531563461
1403636659213555456.000000 11.635042191 -3.997421741 12.661527634 0.001748534 0.810979664 0.244142458 0.531698585
1403636659413555712.000000 11.495792389 -3.819339514 12.501922607 -0.004756055 0.807913840 0.252380252 0.532500565
1403636659513555456.000000 11.424455643 -3.752847195 12.432710648 -0.010347698 0.806870282 0.256078720 0.532237709
1403636659613555456.000000 11.362643242 -3.702246189 12.360443115 -0.009564770 0.807247341 0.255901694 0.531765521
1403636659813555456.000000 11.247263908 -3.565436363 12.240830421 -0.007512795 0.810418129 0.250841856 0.529381156
1403636659913555712.000000 11.189032555 -3.474935770 12.200344086 -0.007068438 0.810707867 0.252475470 0.528165638
1403636660013555456.000000 11.129417419 -3.384786129 12.170309067 -0.012311355 0.809400678 0.259032160 0.526897848
1403636660113555456.000000 11.080540657 -3.302004576 12.146591187 -0.018169889 0.807672262 0.266747952 0.525529146
1403636660413555712.000000 10.971326828 -3.001373768 12.105646133 -0.032991689 0.801644266 0.285744756 0.524049640
1403636660513555456.000000 10.974582672 -2.939542770 12.086029053 -0.035869583 0.800680339 0.288419068 0.523869038
1403636660613555456.000000 10.993834496 -2.879385948 12.059587479 -0.031017156 0.803972721 0.278782815 0.524352849
1403636660963555584.000000 11.135227203 -2.590041876 12.055798531 -0.025169544 0.816593707 0.237651721 0.525416851
1403636661063555840.000000 11.189124107 -2.497156620 12.088648796 -0.017821522 0.815717041 0.240083277 0.525973499
1403636661163555584.000000 11.232783318 -2.402107716 12.143333435 -0.011163223 0.814998865 0.242362797 0.526224792
1403636661263555840.000000 11.281601906 -2.310767412 12.206569672 -0.006395838 0.814597607 0.243718043 0.526299655
1403636661363555584.000000 11.318855286 -2.246078491 12.268636703 -0.003906453 0.814465523 0.243871227 0.526457608
1403636661613555456.000000 11.396464348 -2.157762527 12.443719864 -0.002268853 0.811998725 0.249956399 0.527422845
1403636661763555840.000000 11.427297592 -2.153738022 12.549598694 0.006039251 0.811381638 0.250448525 0.528108776
1403636661863555584.000000 11.439599991 -2.174257517 12.614451408 0.014591946 0.809806049 0.252729267 0.529272258
1403636662163555584.000000 11.410648346 -2.312093735 12.779208183 0.012814063 0.810082436 0.250035167 0.530174196
1403636662463555584.000000 11.323966026 -2.390870094 12.970867157 -0.012894541 0.811080813 0.252134025 0.527645707
1403636662763555840.000000 11.254192352 -2.405159950 13.225090027 0.009240695 0.804262102 0.276631266 0.525882363
1403636662913555712.000000 11.227993011 -2.373129845 13.348887444 0.011336640 0.803012431 0.282403290 0.524681687
1403636663063555840.000000 11.196564674 -2.326291084 13.444347382 0.012034914 0.798979223 0.295037806 0.523870230
1403636663213555456.000000 11.176471710 -2.289278507 13.494478226 0.009913256 0.797507703 0.300270230 0.523183525
1403636663763555840.000000 11.312026024 -1.971072197 13.578153610 -0.052232642 0.803396761 0.282070607 0.521786869
1403636663863555584.000000 11.407298088 -1.921131849 13.591609955 -0.058458306 0.806995153 0.268014014 0.522981763
1403636663963555584.000000 11.524295807 -1.895538568 13.606715202 -0.059347864 0.810230970 0.254314810 0.524716675
1403636664113555456.000000 11.729804039 -1.891591072 13.667342186 -0.050514854 0.812992871 0.240227461 0.527997732
1403636664413555712.000000 12.213874817 -1.939804316 13.893207550 -0.017099181 0.809332728 0.236511052 0.537355363
1403636664563555840.000000 12.453652382 -1.893269539 14.070110321 -0.009238918 0.806020439 0.235894442 0.542770207
1403636664713555456.000000 12.675727844 -1.874853373 14.266071320 0.003197606 0.800283194 0.241846263 0.548677444
1403636664863555584.000000 12.878130913 -1.880629301 14.457608223 -0.005674482 0.797538280 0.240610361 0.553179145
1403636665013555456.000000 13.069267273 -1.933535099 14.655834198 -0.007211817 0.792872250 0.247734040 0.556713045
1403636665213555456.000000 13.320827484 -2.049822330 14.897171021 -0.009956440 0.785949767 0.261043459 0.560392916
1403636665513555456.000000 13.693591118 -2.251701593 15.216252327 -0.006905967 0.788188994 0.253194779 0.560894787
1403636666113555456.000000 14.425613403 -2.730850935 15.925443649 0.014383361 0.792878866 0.255127221 0.553214550
1403636666313555456.000000 14.622203827 -2.813596487 16.177215576 0.012455075 0.795345247 0.247608170 0.553137541
1403636666513555456.000000 14.786751747 -2.885352373 16.427373886 0.018403826 0.791193664 0.254889518 0.555612504
1403636666713555456.000000 14.908114433 -2.985851765 16.648862839 -0.001335157 0.788676918 0.257666826 0.558206737
1403636667513555456.000000 15.504953384 -3.224518061 17.341640472 -0.008416968 0.787937701 0.247549072 0.563740134
1403636667913555712.000000 15.796730042 -3.323101521 17.644355774 0.000494282 0.779644251 0.271075070 0.564511240
1403636668113555456.000000 15.955345154 -3.347665548 17.782024384 -0.003703457 0.782988012 0.267079741 0.561769009
1403636668313555456.000000 16.135337830 -3.319438934 17.907005310 -0.014584027 0.786851823 0.264704823 0.557299554
1403636669013555456.000000 16.924505234 -3.160330534 18.465244293 -0.018226750 0.802563727 0.237097546 0.547123492
1403636669213555456.000000 17.162225723 -3.234187603 18.687393188 -0.001681406 0.802162468 0.240809858 0.546391070
1403636669413555712.000000 17.371910095 -3.294974327 18.941699982 -0.000482877 0.802607417 0.241086751 0.545617223
1403636669613555456.000000 17.560279846 -3.316373110 19.237567902 0.007802107 0.805768013 0.228809506 0.546189785
1403636669813555456.000000 17.698431015 -3.382545471 19.560005188 0.024652820 0.805595517 0.224080682 0.547901511
1403636669963555584.000000 17.743854523 -3.476702213 19.794006348 0.051461745 0.792769015 0.255175084 0.551139414
1403636670163555584.000000 17.736057281 -3.604757309 20.071866989 0.062186565 0.783268452 0.273025602 0.555049896
1403636670363555584.000000 17.634378433 -3.709482193 20.236349106 0.092548519 0.771191418 0.275858402 0.566216111
1403636670563555840.000000 17.438121796 -3.756163597 20.310646057 0.098370813 0.750435531 0.282567143 0.589343309
1403636670913555712.000000 16.855066299 -3.810353994 20.006357193 0.104546241 0.695547104 0.273142606 0.656260192
1403636672513555456.000000 13.887756348 -3.483568668 15.436258316 -0.072346672 0.598111212 0.155545175 0.782837570
1403636673613555456.000000 13.973328590 -3.150206327 14.947545052 -0.055595350 0.525964499 0.160735309 0.833327532
1403636673913555712.000000 14.186096191 -3.197403431 15.145296097 -0.028447045 0.529142201 0.138923019 0.836600065
1403636674213555456.000000 14.384870529 -3.282308578 15.436886787 -0.024042485 0.527601779 0.143672839 0.836908937
1403636675163555584.000000 15.015248299 -3.060234070 16.594783783 -0.047351804 0.471598089 0.170635983 0.863849759
1403636676363555584.000000 16.468227386 -3.294187069 18.470651627 -0.027027266 0.338467747 0.065717109 0.938291192
1403636676813555456.000000 16.746238708 -3.461215734 19.324039459 -0.017814569 0.253763139 0.061850458 0.965122521
1403636677063555840.000000 16.898145676 -3.620651245 19.783876419 -0.014339013 0.239338025 0.060663003 0.968933284
1403636678313555456.000000 17.170549393 -4.072731018 21.571619034 -0.011196203 0.058252130 -0.005218630 0.998225510
1403636678513555456.000000 17.213047028 -4.167051792 21.741928101 -0.014192335 0.024057107 -0.016235378 0.999477983
1403636679463555584.000000 17.097621918 -4.399121761 22.345262527 0.000741803 -0.193366930 -0.088388987 0.977136672
1403636679863555584.000000 16.972856522 -4.580627441 22.397605896 0.000293647 -0.245406404 -0.109237343 0.963245988
1403636680063555840.000000 16.937059402 -4.744949341 22.359943390 0.014007954 -0.240945339 -0.131615266 0.961471081
1403636680463555584.000000 16.779565811 -4.952050209 22.123268127 0.018022040 -0.222713128 -0.158437610 0.961754441
1403636680663555584.000000 16.628242493 -4.939636230 21.925186157 0.011528905 -0.218908489 -0.152942345 0.963615477
1403636681113555456.000000 16.129692078 -4.747668743 21.391811371 -0.043806084 -0.229191139 -0.107137695 0.966475070
1403636681513555456.000000 15.641267776 -4.558240891 21.026613235 -0.004074021 -0.231467292 -0.110256329 0.966566026
1403636681713555456.000000 15.390778542 -4.502638340 20.829124451 -0.002080958 -0.233092844 -0.116331853 0.965469003
1403636682113555456.000000 14.886884689 -4.366579533 20.390668869 0.000067697 -0.241520688 -0.112681903 0.963831186
1403636682313555456.000000 14.622828484 -4.344191074 20.111572266 -0.014337541 -0.242084771 -0.111297570 0.963743865
1403636682563555840.000000 14.318798065 -4.262389183 19.814748764 -0.012842267 -0.238847107 -0.112404734 0.964444041
1403636683113555456.000000 13.650713921 -4.066440105 19.142410278 0.006075671 -0.230309293 -0.116854802 0.966056764
1403636683313555456.000000 13.409406662 -3.978781939 18.857402802 0.000455955 -0.234731317 -0.111241959 0.965673983
1403636683513555456.000000 13.166528702 -3.848333836 18.570251465 -0.002424087 -0.238799646 -0.109309651 0.964893937
1403636683713555456.000000 12.927465439 -3.667097569 18.279350281 -0.009007165 -0.240680605 -0.109763384 0.964335918
1403636684363555584.000000 12.226300240 -3.423358917 17.335201263 -0.004330882 -0.253417760 -0.108799092 0.961209357
1403636684563555840.000000 12.035912514 -3.364149094 17.045131683 -0.001889380 -0.257868290 -0.102956288 0.960677028
1403636684763555840.000000 11.870811462 -3.257780313 16.771810532 -0.000133915 -0.260242224 -0.099662505 0.960386038
1403636685663555584.000000 11.301493645 -2.731807232 15.438568115 -0.008392883 -0.241157815 -0.116081305 0.963482022
1403636685913555712.000000 11.119964600 -2.533331394 15.071409225 -0.003191914 -0.239327118 -0.119948059 0.963496149
1403636687713555456.000000 9.853246689 -1.660206556 12.793866158 -0.004151298 -0.252028823 -0.100850672 0.962441385
1403636687963555584.000000 9.756999016 -1.414463997 12.590599060 -0.004617854 -0.251936495 -0.105614312 0.961952388
1403636688863555584.000000 9.412440300 -0.524508953 11.786997795 -0.006339149 -0.249768451 -0.128728136 0.959689915
1403636689063555840.000000 9.287057877 -0.372964323 11.569383621 -0.015244026 -0.264967501 -0.125095829 0.955986857
1403636689213555456.000000 9.175983429 -0.296944082 11.402918816 -0.021764543 -0.275122792 -0.123313487 0.953219593
1403636689413555712.000000 9.023510933 -0.264589548 11.179813385 -0.024465172 -0.283693224 -0.124717019 0.950455308
1403636689563555840.000000 8.902734756 -0.283860326 11.026202202 -0.026682582 -0.287698209 -0.123879686 0.949300587
1403636689763555840.000000 8.740473747 -0.338899016 10.837272644 -0.043487139 -0.290694565 -0.114682376 0.948922276
1403636689913555712.000000 8.611285210 -0.375656545 10.744904518 -0.047724076 -0.293705821 -0.100631766 0.949385345
1403636690063555840.000000 8.497528076 -0.404628873 10.698608398 -0.043621060 -0.292204857 -0.096213296 0.950503349
1403636690313555456.000000 8.335833549 -0.468665063 10.710121155 -0.039954826 -0.282736868 -0.116654895 0.951238751
1403636690463555584.000000 8.234216690 -0.555632651 10.746467590 -0.037653275 -0.281612158 -0.117242515 0.951593935
1403636690663555584.000000 8.092223167 -0.656991959 10.834827423 -0.038391452 -0.287732512 -0.097905472 0.951919436
1403636690863555584.000000 7.975526810 -0.697042167 11.000042915 -0.032769445 -0.298832476 -0.063446037 0.951630116
1403636691013555456.000000 7.945517540 -0.697907507 11.174302101 -0.010718151 -0.304783016 -0.047174983 0.951192439
1403636691163555584.000000 7.997847557 -0.730618656 11.351123810 0.012649600 -0.306679547 -0.046472773 0.950593472
1403636691313555456.000000 8.131779671 -0.796855927 11.510132790 0.031937320 -0.298666716 -0.075951345 0.950794220
1403636691563555840.000000 8.475631714 -0.974516392 11.674797058 0.004199240 -0.296558291 -0.102506816 0.949488282
1403636691813555456.000000 8.870988846 -1.213534713 11.783044815 -0.003568633 -0.292246878 -0.127212301 0.947837591
1403636692163555584.000000 9.419801712 -1.445154428 11.917399406 0.002757523 -0.294039249 -0.120207749 0.948200107
1403636692463555584.000000 9.893222809 -1.719847918 11.950767517 -0.003759777 -0.290289879 -0.124551684 0.948791087
1403636692763555840.000000 10.329048157 -2.101004362 11.906423569 -0.007309899 -0.281622559 -0.137720495 0.949562192
1403636693263555840.000000 10.834735870 -2.547175407 11.792425156 -0.019383376 -0.280752987 -0.141190797 0.949140251
1403636693563555840.000000 10.996257782 -2.665500164 11.768252373 -0.052218679 -0.285377532 -0.134208634 0.947534144
1403636693913555712.000000 11.060081482 -2.779832840 11.900727272 -0.031885631 -0.289797038 -0.128412783 0.947898328
1403636694313555456.000000 11.057477951 -2.905825138 12.149432182 -0.004928431 -0.294582456 -0.123109736 0.947650194
1403636694613555456.000000 11.062963486 -3.017010212 12.289652824 -0.016110204 -0.292492181 -0.126378030 0.947743297
1403636695263555840.000000 11.112779617 -3.042243958 12.675557137 -0.014777528 -0.287209958 -0.117535070 0.950514436
1403636695613555456.000000 11.181345940 -3.176640272 12.849857330 -0.006990431 -0.279267997 -0.126393229 0.951832592
1403636695913555712.000000 11.224708557 -3.211557627 12.984336853 -0.008522862 -0.276878029 -0.124449231 0.952773988
1403636696213555456.000000 11.243870735 -3.169105053 13.116081238 -0.022254916 -0.270972639 -0.132164136 0.953211010
1403636696963555584.000000 11.230241776 -3.068849325 13.280502319 -0.000087989 -0.270006865 -0.125199676 0.954683900
1403636698013555456.000000 10.825420380 -3.155178070 12.660829544 -0.013946369 -0.193095759 -0.103419416 0.975614667
1403636699713555456.000000 9.494612694 -2.475531578 11.886641502 -0.018161736 0.177712470 0.074198432 0.981113195
1403636700663555584.000000 9.627114296 -1.880449533 11.741608620 -0.000132037 0.266668469 0.083142258 0.960195482
1403636701663555584.000000 10.166211128 -1.574196577 11.430404663 -0.009742382 0.281730682 0.075050615 0.956504226
1403636702663555584.000000 10.887471199 -1.122448444 11.375564575 -0.024955112 0.393619508 0.114423573 0.911782980
1403636703263555840.000000 11.364660263 -0.703444839 11.640273094 -0.002210479 0.387079448 0.129190996 0.912948191
1403636703963555584.000000 12.011959076 -0.711731315 11.756137848 -0.002727521 0.385293007 0.116066404 0.915461898
1403636704513555456.000000 12.515726089 -0.597833037 11.853534698 -0.025913440 0.379720271 0.112745307 0.917839587
1403636705013555456.000000 13.063020706 -0.597382188 12.094497681 -0.054985806 0.374144197 0.115956552 0.918448031
1403636705413555712.000000 13.629585266 -0.613489866 12.545900345 -0.022576611 0.377270550 0.098197617 0.920605540
1403636705813555456.000000 14.155308723 -0.693488598 13.112072945 -0.025079675 0.377113670 0.104771964 0.919879973
1403636706213555456.000000 14.706826210 -0.853766799 13.691167831 0.004417147 0.368635118 0.116829641 0.922192752
1403636706563555840.000000 15.205681801 -0.877708316 14.152270317 -0.019120913 0.373970598 0.092054211 0.922662675
1403636706913555712.000000 15.648361206 -1.025203347 14.614708900 -0.031073432 0.375739485 0.098835975 0.920915723
1403636707263555840.000000 16.095666885 -1.285899758 15.143669128 -0.024205228 0.385644555 0.098292410 0.917077422
1403636707613555456.000000 16.497978210 -1.694057226 15.694450378 -0.028116137 0.389211059 0.105059452 0.914705873
1403636708013555456.000000 16.974744797 -2.028510571 16.442535400 -0.017939594 0.380726814 0.116636463 0.917126596
1403636708813555456.000000 18.096782684 -2.203564644 17.912212372 0.001356915 0.382929295 0.095839575 0.918791711
1403636709113555456.000000 18.475131989 -2.247730732 18.333236694 0.006178198 0.396008521 0.085460640 0.914240479
1403636709413555712.000000 18.714227676 -2.401222229 18.697994232 -0.010771520 0.400304168 0.090616703 0.911827385
1403636709763555840.000000 18.879268646 -2.490250349 19.179426193 -0.017192429 0.397504926 0.092357494 0.912778378
1403636710113555456.000000 18.951286316 -2.632455826 19.733224869 -0.013745906 0.392353863 0.088590279 0.915435016
1403636711013555456.000000 18.863492966 -2.667780876 21.192981720 -0.005431650 0.293330640 0.062491380 0.953951001
1403636711363555584.000000 18.773134232 -2.753314018 21.620349884 -0.001757506 0.272117794 0.047726423 0.961078048
1403636711713555456.000000 18.575475693 -2.910801649 21.948404312 0.024869973 0.277607054 0.041255593 0.959486187
1403636712013555456.000000 18.263465881 -3.035722733 22.109552383 0.012470855 0.273687243 0.070710018 0.959134936
1403636712363555584.000000 17.861166000 -3.241133451 22.160558701 0.010493435 0.259036332 0.053191267 0.964344740
1403636712713555456.000000 17.410058975 -3.507491112 22.078712463 0.022889933 0.224147722 0.034539539 0.973673940
1403636713213555456.000000 16.635068893 -3.633033514 21.802585602 0.012975207 0.209043249 0.038899902 0.977046251
1403636713863555584.000000 15.641850471 -3.939313412 21.068841934 0.000830723 0.206181437 0.066252992 0.976267934
1403636714213555456.000000 15.223088264 -3.926608086 20.653797150 -0.001913178 0.218254223 0.055251073 0.974324763
1403636714663555584.000000 14.768712044 -3.730646610 20.125398636 -0.022896428 0.200079292 0.059111014 0.977726936
1403636715013555456.000000 14.505080223 -3.678004026 19.749282837 -0.030408718 0.128054246 0.018104922 0.991135538
1403636716913555712.000000 13.870101929 -3.482726097 18.290807724 -0.004938486 0.064898677 -0.001180601 0.997878969
1403636717513555456.000000 13.732953072 -3.316486835 17.626356125 -0.007562013 -0.011036332 -0.058711957 0.998185337
1403636718113555456.000000 13.341792107 -3.039318085 16.962572098 -0.008401197 -0.057044923 -0.069425754 0.995919406
1403636718713555456.000000 12.662611008 -2.623481512 16.311771393 -0.018503852 -0.156145096 -0.059052158 0.985793710
1403636719163555584.000000 12.289969444 -2.288351536 15.962029457 -0.003897264 -0.167551830 -0.086627677 0.982042193
1403636719563555840.000000 11.959635735 -2.071568727 15.591107368 0.005609685 -0.165906578 -0.074909844 0.983276188
1403636720313555456.000000 11.553112030 -1.690469503 14.817615509 -0.014915928 -0.152651176 -0.068586826 0.985784471
1403636720663555584.000000 11.442645073 -1.482499957 14.534258842 -0.016532622 -0.157692298 -0.068069227 0.985000730
1403636721163555584.000000 11.370257378 -1.349672675 14.190731049 -0.008019678 -0.108497784 -0.049211569 0.992845476
1403636721613555456.000000 11.401432037 -1.260699391 13.901047707 -0.005287391 -0.053293314 -0.035616603 0.997929513
1403636722363555584.000000 11.499764442 -1.024509668 13.371160507 -0.006421283 -0.041028675 -0.039920695 0.998339534
1403636723113555456.000000 11.465337753 -0.810843408 12.785222054 -0.006772760 -0.025684502 -0.033853482 0.999073803
1403636723863555584.000000 11.340077400 -0.688227296 12.137325287 -0.002733348 0.018381843 -0.018541263 0.999655366
1403636724663555584.000000 11.158891678 -0.407452136 11.532186508 -0.007554669 0.117085755 0.010642400 0.993036032
1403636726213555456.000000 10.803990364 -0.812208474 10.549212456 -0.008939879 0.113333523 0.016180046 0.993385017
1403636727913555712.000000 10.677574158 -1.393308163 9.454951286 -0.003841265 0.100873373 -0.011694537 0.994823098
1403636728913555712.000000 10.085210800 -1.467189431 8.636952400 -0.000009238 0.061377119 -0.012123477 0.998041034
1403636729863555584.000000 9.458979607 -1.272680879 7.657073021 -0.006363206 0.029567236 -0.020483378 0.999332666
1403636730813555456.000000 8.771840096 -0.983000994 6.773644447 -0.034527920 0.025691412 -0.017793637 0.998915017
1403636732013555456.000000 8.454044342 -0.818445265 6.420547485 -0.006507436 0.025947070 -0.009137953 0.999600410
1403636733113555456.000000 8.341311455 -0.458265394 5.818655014 0.004051690 0.025023168 -0.028166881 0.999281764
1403636734013555456.000000 7.753576279 -0.443421483 4.752805233 -0.009397001 0.021382336 -0.029497402 0.999291956
1403636734863555584.000000 7.101904869 -0.330027789 3.830258846 -0.018491635 0.012610662 -0.022552313 0.999495089
1403636735563555840.000000 6.601142406 -0.239627108 3.318162680 -0.018173449 0.018258005 -0.013621137 0.999575317
1403636737113555456.000000 5.727070808 -0.461367995 2.623713493 -0.003151497 -0.034114107 -0.042519394 0.998508096
1403636737663555584.000000 5.294056416 -0.316699296 2.364947081 -0.019398415 -0.048950844 -0.034557916 0.998014688
1403636739313555456.000000 5.055390358 -0.547320485 2.242892027 -0.007646099 0.144853055 0.038894679 0.988658905
1403636739813555456.000000 5.344492912 -0.403943300 2.297415972 -0.005845745 0.238064229 0.066729553 0.968936801
1403636740363555584.000000 5.613757133 -0.144765377 2.386679411 -0.006248511 0.240919024 0.051598582 0.969152510
1403636741213555456.000000 5.926890373 0.459037006 2.489767551 0.001808034 0.242858648 0.042965896 0.969107985
1403636742063555840.000000 6.120059967 1.166980028 2.553940773 -0.020427963 0.252826035 0.050846819 0.965958774
1403636742613555456.000000 6.223850250 1.300156236 2.712886810 -0.009983685 0.235613525 0.060302578 0.969922781
1403636743213555456.000000 6.383039951 1.578438520 2.921449184 -0.034106836 0.242437616 0.074869789 0.966672301
1403636743813555456.000000 6.744390965 1.746653080 3.362971544 -0.015370333 0.259965152 0.068539105 0.963059843
1403636744313555456.000000 7.114101887 2.126204252 3.911096573 0.003989012 0.289339542 0.079710171 0.953893602
1403636745163555584.000000 7.620719433 3.224198103 4.656874180 -0.010371810 0.284151196 0.083791122 0.955054760
1403636745813555456.000000 7.998409271 3.455500126 4.909457207 0.005344922 0.289410144 0.069448262 0.954667568
1403636748063555840.000000 7.511566639 2.324086189 5.389718056 0.002362916 0.306452990 0.109806828 0.945528150
1403636749163555584.000000 7.518728256 1.632467031 5.727155685 0.010591494 0.317615390 0.118862003 0.940680742
1403636749863555584.000000 7.718566895 1.238298178 5.667481899 0.012258462 0.331461817 0.078502260 0.940117180
1403636751313555456.000000 7.186161041 0.206790149 4.998777390 -0.021164352 0.303614259 0.079411261 0.949244082
1403636752213555456.000000 6.969566345 -0.525024116 4.693689346 -0.016579868 0.278527081 0.076819479 0.957207739
1403636753113555456.000000 6.965206623 -1.093198180 4.514579296 -0.011922396 0.111090168 -0.005251475 0.993724942
1403636754263555840.000000 6.441478252 -1.063058376 4.469153404 0.010065956 0.020755185 -0.030691281 0.999262750
1403636755063555840.000000 5.709685326 -1.019670844 3.980343342 0.003559369 -0.048133399 -0.056552310 0.997232318
1403636756163555584.000000 4.336689472 -0.841736972 3.061164618 -0.004464874 -0.054837067 -0.053869393 0.997031152
1403636756763555840.000000 3.524808168 -0.699068844 2.529313564 0.001992023 -0.060697410 -0.053532254 0.996717691
1403636757313555456.000000 2.779011011 -0.590168774 1.912710309 0.000306054 -0.064221554 -0.054504637 0.996446073
1403636757863555584.000000 2.024794817 -0.380058438 1.221738338 -0.040384360 -0.087863743 -0.069179803 0.992906451
1403636758313555456.000000 1.323736906 -0.482945681 0.781449914 -0.002863934 -0.104050040 -0.059550721 0.992783546
1403636758713555456.000000 0.765637755 -0.362257779 0.533714056 -0.048500571 -0.110242605 -0.036398444 0.992053151
1403636759663555584.000000 0.145919323 0.082961731 0.495657593 -0.000825305 -0.106495649 -0.055793088 0.992746234
1403636761363555584.000000 0.018106293 0.677595377 0.221788585 -0.042664636 -0.105162635 -0.070396140 0.991042376
1403636761763555840.000000 -0.143960029 0.659384608 0.263265252 -0.007546515 -0.110764220 -0.048139282 0.992651463
1403636762113555456.000000 -0.211728886 0.609594285 0.267152965 -0.004226355 -0.099159837 -0.074479572 0.992271304
1403636762413555712.000000 -0.292380571 0.594078839 0.252422214 -0.036622077 -0.096090198 -0.076933742 0.991719067
1403636762713555456.000000 -0.420917362 0.688022792 0.337239176 -0.016440580 -0.114754125 -0.022489727 0.993003249
