1403638522377829632.000000 0.000000000 0.000000000 0.000000000 -0.000000000 -0.000000000 -0.000000000 1.000000000
1403638522427829504.000000 0.000624376 -0.046400666 -0.014292483 -0.002007205 -0.004484151 0.004393119 0.999978304
1403638522477829376.000000 0.000070800 -0.093174838 -0.029330671 -0.004119959 -0.008927151 0.007544118 0.999923229
1403638522527829760.000000 -0.000026510 -0.140814856 -0.045171104 -0.007723334 -0.012474200 0.010633404 0.999835849
1403638522577829376.000000 -0.000166936 -0.190500662 -0.060252700 -0.010390096 -0.016985932 0.014965505 0.999689758
1403638522777829376.000000 -0.003622593 -0.391621053 -0.110033229 0.004035744 -0.029771429 0.010406893 0.999494433
1403638523977829376.000000 0.123054057 -0.051905651 -0.033347763 -0.013327199 -0.016385728 -0.015829070 0.999651611
1403638524027829760.000000 0.125132278 -0.028039783 -0.032009181 -0.015323968 -0.015129980 -0.021489285 0.999537110
1403638524077829376.000000 0.125459552 -0.018028015 -0.034016248 -0.019172134 -0.015117574 -0.026421249 0.999352694
1403638524227829760.000000 0.125769928 -0.079878330 -0.064799644 -0.029915554 -0.021349929 -0.029651646 0.998884439
1403638524277829376.000000 0.126661897 -0.126661256 -0.081586160 -0.029447719 -0.023935391 -0.027841693 0.998891771
1403638524327829504.000000 0.128016740 -0.182282090 -0.100257605 -0.027928978 -0.027499186 -0.024389047 0.998933911
1403638524377829632.000000 0.127223074 -0.242357194 -0.117758922 -0.024570247 -0.030234955 -0.020659694 0.999027193
1403638524427829504.000000 0.128020555 -0.305422515 -0.136026189 -0.019353883 -0.032772984 -0.017312646 0.999125421
1403638524477829376.000000 0.128688455 -0.369594932 -0.152346298 -0.012668129 -0.034554318 -0.015434483 0.999203324
1403638526027829760.000000 0.133020684 -0.068626396 0.004807978 -0.019976828 -0.013311845 -0.019753883 0.999516666
1403638526327829504.000000 0.342172444 -0.117211834 -0.048585739 -0.020656494 0.007280351 -0.003979526 0.999752223
1403638527027829760.000000 1.211793184 -0.144768879 -0.284984410 0.005740930 0.066729695 0.023851551 0.997469485
1403638527227829760.000000 1.435587168 -0.146530330 -0.331642985 -0.002859548 0.097664513 0.038801018 0.994458616
1403638527327829504.000000 1.505682945 -0.156193271 -0.339091003 0.002643902 0.116321385 0.040335670 0.992388725
1403638527427829504.000000 1.537186980 -0.165314630 -0.327814788 0.008749784 0.131663784 0.037405215 0.990549862
1403638529877829632.000000 0.177196383 -0.043647371 0.054395039 -0.030937642 0.083731934 0.016286030 0.995874763
1403638529977829376.000000 0.167870432 -0.015829099 0.069065869 -0.026077930 0.083652034 0.016756302 0.996012807
1403638530077829376.000000 0.166037679 -0.000393093 0.096257836 -0.028609112 0.084602214 0.016771814 0.995862782
1403638530227829760.000000 0.171324462 0.012564560 0.151389256 -0.032197986 0.090837017 0.021787710 0.995106637
1403638530327829504.000000 0.179018602 0.020924911 0.188388497 -0.031208336 0.095338754 0.025672413 0.994624317
1403638530427829504.000000 0.188921779 0.028604187 0.222063184 -0.030790530 0.100738116 0.027039181 0.994068742
1403638530527829760.000000 0.198498875 0.033201937 0.247218117 -0.030674465 0.101025067 0.031567771 0.993909717
1403638530627829504.000000 0.208260670 0.039611708 0.263748109 -0.033219904 0.103966378 0.032906961 0.993481040
1403638530727829760.000000 0.214687198 0.048197292 0.275769234 -0.040795065 0.105039626 0.034566123 0.993029535
1403638530827829504.000000 0.219539762 0.057626013 0.285553217 -0.044546876 0.105264209 0.035251971 0.992820382
1403638530927829504.000000 0.221280262 0.063604310 0.291904956 -0.042891894 0.102906540 0.036147371 0.993108213
1403638531027829760.000000 0.221150726 0.068313040 0.296035498 -0.037825074 0.101686589 0.036533736 0.993425608
1403638531127829504.000000 0.218624458 0.069551922 0.296243668 -0.030884692 0.102993131 0.033855531 0.993625879
1403638538077829376.000000 0.213660419 0.073279046 0.298862278 -0.023825526 0.103601761 0.029778272 0.993887484
1403638538777829376.000000 0.214019179 0.072069921 0.298842430 -0.021874055 0.103094764 0.029963583 0.993979514
1403638538877829632.000000 0.212922350 0.069926463 0.301598847 -0.020180972 0.102456100 0.029849593 0.994084775
1403638538977829376.000000 0.213143036 0.062070411 0.307608992 -0.011521590 0.102765642 0.028539035 0.994229376
1403638539127829504.000000 0.215743020 0.042352244 0.325978190 0.003434873 0.104782343 0.029711831 0.994045317
1403638539227829760.000000 0.217430979 0.013941688 0.336749017 0.012172057 0.104449943 0.029000385 0.994032741
1403638540827829504.000000 0.212015823 -0.767938197 0.940978825 0.000843689 0.030234318 -0.018846557 0.999364793
1403638541277829376.000000 0.046386328 -0.933242917 1.434773684 0.004613752 -0.054821298 -0.059500858 0.996711135
1403638541827829504.000000 -0.418140471 -1.379416585 1.969166875 0.009436664 -0.084396139 -0.060301732 0.994561195
1403638542127829504.000000 -0.769579470 -1.679688931 2.204384089 0.005411461 -0.143135950 -0.077345692 0.986661255
1403638542277829376.000000 -0.963585496 -1.768737316 2.335011005 0.003911227 -0.181366593 -0.091616146 0.979130924
1403638542427829504.000000 -1.163784385 -1.878882170 2.466842175 0.014205852 -0.213986829 -0.108706810 0.970665097
1403638543177829632.000000 -2.366304159 -2.340304136 2.833590269 0.008307350 -0.248508021 -0.116692714 0.961539209
1403638543327829504.000000 -2.635544538 -2.417450190 2.875874043 0.007918406 -0.246857658 -0.114273578 0.962257862
1403638543627829504.000000 -3.191840172 -2.504719496 2.971331120 0.006263872 -0.269787759 -0.128572822 0.954276860
1403638543777829376.000000 -3.486227989 -2.523937941 3.014750004 0.008835072 -0.299063355 -0.145424262 0.943045557
1403638543927829504.000000 -3.801638126 -2.584830761 3.029685736 0.012481187 -0.332998037 -0.162323147 0.928766787
1403638544077829376.000000 -4.107195854 -2.714052200 3.052286148 0.007573810 -0.362601727 -0.166711390 0.916880548
1403638544527829760.000000 -5.090143681 -2.913769007 3.173229456 0.005429102 -0.385576725 -0.166950524 0.907429695
1403638544827829504.000000 -5.744111061 -3.061505795 3.264994621 0.015520976 -0.391437292 -0.164690450 0.905214369
1403638545227829760.000000 -6.568353653 -3.149553776 3.448111773 0.010779554 -0.393513620 -0.167834356 0.903804481
1403638545377829632.000000 -6.880894661 -3.140906811 3.542821646 0.016065469 -0.394694060 -0.166562542 0.903446436
1403638545477829376.000000 -7.078461170 -3.129613400 3.607481003 0.014854423 -0.397131205 -0.166257396 0.902454793
1403638545727829760.000000 -7.585902691 -3.119029522 3.741997480 0.009627792 -0.426126808 -0.177656695 0.886995673
1403638545927829504.000000 -7.983424664 -3.176422596 3.808397770 0.010213738 -0.466225386 -0.198765099 0.861987293
1403638546027829760.000000 -8.179908752 -3.225733757 3.820587635 0.010756616 -0.485131294 -0.210848942 0.848572135
1403638546227829760.000000 -8.590725899 -3.318863153 3.882335663 0.011413512 -0.511342585 -0.224408194 0.829481423
1403638546327829504.000000 -8.796084404 -3.338401794 3.916069508 0.009382193 -0.519344687 -0.224873915 0.824393570
1403638546677829632.000000 -9.539274216 -3.361196280 4.041558266 0.007129702 -0.534071624 -0.228391528 0.813974261
1403638546777829376.000000 -9.760711670 -3.402252674 4.069939613 0.007997521 -0.539568365 -0.231818125 0.809359312
1403638547077829376.000000 -10.443408012 -3.508852005 4.124044895 0.014013904 -0.544243455 -0.243988752 0.802541077
1403638547327829504.000000 -11.032073021 -3.519277573 4.153020382 0.018226059 -0.542090297 -0.251354277 0.801640153
1403638547527829760.000000 -11.531336784 -3.472748756 4.168456078 0.008558390 -0.545875072 -0.238873169 0.803048491
1403638547627829504.000000 -11.787456512 -3.440374136 4.166754723 0.005506922 -0.545898318 -0.235358477 0.804096460
1403638548027829760.000000 -12.819360733 -3.224773407 4.181540489 0.010339051 -0.543551624 -0.240474060 0.804124951
1403638548227829760.000000 -13.371964455 -3.172495842 4.148346901 0.007568126 -0.558039784 -0.243608430 0.793214500
1403638548427829504.000000 -13.935724258 -3.212711811 4.047633171 0.004615101 -0.583421469 -0.253953576 0.771430910
1403638548627829504.000000 -14.510622025 -3.231169701 3.948975563 0.005670299 -0.603980303 -0.259623885 0.753505886
1403638548827829504.000000 -15.104439735 -3.238092899 3.851016045 0.004798582 -0.613524735 -0.262865126 0.744625032
1403638548927829504.000000 -15.413488388 -3.252798557 3.799401283 0.004386117 -0.616059184 -0.262715816 0.742584944
1403638549127829504.000000 -16.036231995 -3.310585022 3.655804634 0.003867048 -0.617018759 -0.262308866 0.741934597
1403638549277829376.000000 -16.496213913 -3.396636009 3.562788963 0.003854798 -0.617492557 -0.260304481 0.742246389
1403638549527829760.000000 -17.320484161 -3.566384315 3.386612892 0.000331547 -0.618458867 -0.253525078 0.743796766
1403638549677829632.000000 -17.811172485 -3.643838406 3.287273407 0.003037347 -0.618835211 -0.250284612 0.744574726
1403638549827829504.000000 -18.301612854 -3.729935646 3.193683624 0.001642491 -0.617755949 -0.251597941 0.745032489
1403638549977829376.000000 -18.780731201 -3.834302902 3.102026939 -0.000356042 -0.616933167 -0.252495557 0.745412171
1403638550127829504.000000 -19.268642426 -3.975421429 3.001026154 -0.002271905 -0.617538214 -0.250872463 0.745455861
1403638550277829376.000000 -19.748250961 -4.152750015 2.903142929 -0.001815214 -0.617909253 -0.252221644 0.744694054
1403638550427829504.000000 -20.232009888 -4.342656612 2.822763443 -0.001156380 -0.619435072 -0.250919819 0.743866980
1403638550577829376.000000 -20.724714279 -4.499092102 2.745693207 -0.003190900 -0.621842504 -0.245730117 0.743584931
1403638550727829760.000000 -21.214200974 -4.665280819 2.704044342 -0.000521084 -0.624983191 -0.238810703 0.743212759
1403638550877829632.000000 -21.693637848 -4.792880535 2.678133011 0.007664050 -0.627833188 -0.230886906 0.743275166
1403638551027829760.000000 -22.167896271 -4.924684048 2.681438446 0.017294871 -0.630902171 -0.222004533 0.743220985
1403638551177829632.000000 -22.590751648 -5.030982971 2.685359955 0.018483840 -0.633599877 -0.215281904 0.742874980
1403638551327829504.000000 -22.969215393 -5.176058769 2.702548981 0.013109676 -0.631525815 -0.214626238 0.744942188
1403638551477829376.000000 -23.326381683 -5.337142944 2.746431351 0.003913815 -0.616428137 -0.210117832 0.758848906
1403638551627829504.000000 -23.662334442 -5.466121197 2.831073761 -0.004870568 -0.593661785 -0.193972781 0.780971587
1403638552227829760.000000 -24.659172058 -6.137900829 3.546859741 0.006171724 -0.514891207 -0.175680757 0.839038253
1403638552427829504.000000 -24.902587891 -6.440948486 3.822703362 0.006523665 -0.514177740 -0.168304458 0.840982974
1403638552577829376.000000 -25.047103882 -6.643684864 4.056175232 0.015089778 -0.517973065 -0.158415928 0.840464592
1403638553077829376.000000 -25.220094681 -7.178385735 5.057681084 0.021300713 -0.520928860 -0.180677965 0.833987355
1403638553277829376.000000 -25.191001892 -7.332803249 5.478458405 0.033777405 -0.528658807 -0.169578850 0.831036687
1403638553477829376.000000 -25.084655762 -7.539665699 5.898131371 0.048765697 -0.529761493 -0.174781173 0.828508437
1403638553677829632.000000 -24.892539978 -7.774161339 6.252570152 0.056392051 -0.528036833 -0.181620464 0.827653944
1403638553877829632.000000 -24.608720779 -8.044607162 6.532073021 0.052742641 -0.526251197 -0.186611891 0.827921450
1403638554677829632.000000 -23.068433762 -8.797520638 7.483249664 0.012362610 -0.520412147 -0.206917569 0.828374028
1403638554877829632.000000 -22.695680618 -8.977252960 7.678639412 0.010676020 -0.523976922 -0.198186085 0.828285277
1403638555077829376.000000 -22.324836731 -9.165237427 7.892047882 0.010780245 -0.518547237 -0.193028376 0.832906127
1403638555277829376.000000 -21.948709488 -9.295063019 8.110647202 0.009072296 -0.498149186 -0.187765121 0.846468747
1403638555677829632.000000 -21.177335739 -9.487029076 8.638810158 0.012935147 -0.477064431 -0.186585620 0.858736277
1403638555877829632.000000 -20.794485092 -9.649127960 8.903688431 0.010378473 -0.476686597 -0.188468784 0.858569562
1403638556277829376.000000 -20.061996460 -10.054082870 9.356465340 -0.001900834 -0.474873155 -0.195059568 0.858162940
1403638556477829376.000000 -19.741556168 -10.214019775 9.638297081 -0.011276320 -0.473462343 -0.197886318 0.858223319
1403638557327829504.000000 -18.650127411 -11.182239532 11.144154549 -0.001031446 -0.481448948 -0.177328885 0.858347476
1403638557527829760.000000 -18.387863159 -11.390388489 11.592964172 0.007882663 -0.477944762 -0.188539386 0.857880890
1403638558177829632.000000 -17.635070801 -12.171499252 12.966379166 -0.005713469 -0.470685244 -0.202949837 0.858623385
1403638558377829632.000000 -17.461147308 -12.389848709 13.391772270 -0.014955126 -0.466209799 -0.211029351 0.859006107
1403638558627829504.000000 -17.364978790 -12.755907059 13.890742302 -0.025002284 -0.463930428 -0.211735368 0.859832287
1403638558777829376.000000 -17.359172821 -13.015542984 14.206224442 -0.024000192 -0.468791485 -0.196234629 0.860900998
1403638558977829376.000000 -17.385742188 -13.337292671 14.671470642 -0.012525214 -0.470506757 -0.191019014 0.861381650
1403638559427829504.000000 -17.522174835 -13.866054535 15.834716797 0.010777794 -0.469333231 -0.201322585 0.859697282
1403638559527829760.000000 -17.565551758 -13.939884186 16.105279922 0.013758541 -0.469140649 -0.203296706 0.859295189
1403638559627829504.000000 -17.614789963 -14.007911682 16.368721008 0.016010731 -0.469588190 -0.203627765 0.858933270
1403638559927829504.000000 -17.768592834 -14.228279114 17.099678040 0.015207266 -0.470022500 -0.201051533 0.859317124
1403638560127829504.000000 -17.876964569 -14.351568222 17.573909760 0.013711333 -0.446545690 -0.185421392 0.875230193
1403638560227829760.000000 -17.934175491 -14.395558357 17.820110321 0.014507552 -0.425397992 -0.175964937 0.887616217
1403638560327829504.000000 -18.004459381 -14.423753738 18.065433502 0.018969396 -0.401661903 -0.163753048 0.900829017
1403638560427829504.000000 -18.057567596 -14.440202713 18.301158905 0.025434213 -0.377086610 -0.149723187 0.913642049
1403638560927829504.000000 -18.200986862 -14.508530617 19.446542740 0.029787250 -0.261431158 -0.073911704 0.961927056
1403638561027829760.000000 -18.186382294 -14.556160927 19.643850327 0.036145348 -0.238876849 -0.064890154 0.968204856
1403638561327829504.000000 -18.046829224 -14.737181664 20.130754471 0.047421109 -0.189265013 -0.042761181 0.979847670
1403638561927829504.000000 -17.412269592 -14.865305901 20.863494873 0.028939452 -0.163772061 -0.073553197 0.983326614
1403638562127829504.000000 -17.181573868 -14.848564148 21.079639435 0.029636011 -0.142788127 -0.066682838 0.987059653
1403638562227829760.000000 -17.061882019 -14.863777161 21.171859741 0.029890047 -0.132191777 -0.063924029 0.988709092
1403638562427829504.000000 -16.841331482 -14.896542549 21.320850372 0.032738455 -0.107267022 -0.051300433 0.992366016
1403638563027829760.000000 -16.083457947 -15.083284378 21.538938522 0.033476267 0.022736231 0.026519205 0.998828888
1403638563127829504.000000 -15.918727875 -15.065713882 21.568145752 0.033325374 0.041567136 0.042304963 0.997683287
1403638563427829504.000000 -15.409077644 -14.997132301 21.598918915 0.055382613 0.083208941 0.055422418 0.993447244
1403638563727829760.000000 -14.811858177 -14.826874733 21.502429962 0.049212951 0.087836243 0.055045426 0.993394613
1403638563927829504.000000 -14.380640030 -14.762898445 21.336116791 0.048065059 0.081919327 0.057954408 0.993790865
1403638564127829504.000000 -13.888541222 -14.703158379 21.098682404 0.048919674 0.072757065 0.057579137 0.994483769
1403638564227829760.000000 -13.623494148 -14.635695457 20.977737427 0.050939322 0.069411024 0.053199656 0.994865358
1403638564527829760.000000 -12.812150002 -14.491189957 20.474723816 0.056402549 0.063192584 0.042458229 0.995501280
1403638564627829504.000000 -12.523365021 -14.444413185 20.268405914 0.053029306 0.060162369 0.045856092 0.995723665
1403638564727829760.000000 -12.228292465 -14.386998177 20.062511444 0.050732657 0.057857770 0.051339131 0.995712340
1403638564977829376.000000 -11.437527657 -14.127150536 19.530296326 0.051588938 0.056393974 0.059478428 0.995299280
1403638565077829376.000000 -11.106066704 -13.962887764 19.321887970 0.050649300 0.055842228 0.060792640 0.995299220
1403638565177829632.000000 -10.759236336 -13.768503189 19.123258591 0.049133293 0.055724669 0.061520383 0.995337129
1403638565277829376.000000 -10.407324791 -13.556591034 18.897077560 0.047074527 0.056730319 0.060206335 0.995460153
1403638565577829376.000000 -9.272562027 -12.888317108 18.219713211 0.049441520 0.064860985 0.050082762 0.995409608
1403638565677829632.000000 -8.893260956 -12.668848991 17.966966629 0.050557870 0.071653306 0.038431522 0.995405793
1403638565777829376.000000 -8.489097595 -12.456576347 17.701728821 0.046245333 0.076733492 0.029108703 0.995553136
1403638565877829632.000000 -8.091473579 -12.272988319 17.406835556 0.041878223 0.080451220 0.023170058 0.995608866
1403638565977829376.000000 -7.715815544 -12.099864006 17.108928680 0.038122751 0.082895949 0.022346497 0.995577991
1403638566077829376.000000 -7.338756561 -11.906699181 16.808137894 0.036298126 0.084351681 0.021992203 0.995531857
1403638566177829632.000000 -6.973547935 -11.696268082 16.513177872 0.035470825 0.083482683 0.024714928 0.995571017
1403638566277829376.000000 -6.623816490 -11.462354660 16.247356415 0.036400024 0.083615959 0.023725078 0.995550394
1403638566377829632.000000 -6.276293278 -11.205721855 15.951327324 0.034576930 0.083491050 0.023072392 0.995641172
1403638566627829504.000000 -5.422786713 -10.514575005 15.266138077 0.023262894 0.077750646 0.024662836 0.996396244
1403638566727829760.000000 -5.102093220 -10.211913109 14.993801117 0.001802868 0.075748347 0.025259420 0.996805370
1403638566827829504.000000 -4.793406963 -9.878247261 14.740483284 -0.014670839 0.074722894 0.022705907 0.996837854
1403638566927829504.000000 -4.463927746 -9.572702408 14.493610382 -0.025763076 0.072243378 0.021232009 0.996828139
1403638567077829376.000000 -4.015789986 -9.114568710 14.203853607 -0.012814198 0.071009971 0.019344069 0.997205675
1403638567227829760.000000 -3.562221289 -8.681037903 13.934743881 0.017601933 0.072873093 0.013701311 0.997091770
1403638567327829504.000000 -3.258541107 -8.389214516 13.775514603 0.026686847 0.074829206 0.010478220 0.996784151
1403638567427829504.000000 -2.947925091 -8.088525772 13.617953300 0.027238477 0.076237291 0.009748786 0.996669948
1403638567527829760.000000 -2.664593697 -7.801848888 13.451109886 0.022622928 0.077963866 0.010111015 0.996648192
1403638567627829504.000000 -2.394154549 -7.516206264 13.287049294 0.016297324 0.080022842 0.010241371 0.996607184
1403638567777829376.000000 -2.001242399 -7.118267059 13.017382622 0.008558467 0.082813986 0.009287247 0.996484995
1403638567877829632.000000 -1.756036639 -6.897247791 12.847983360 0.002792405 0.083104327 0.011665246 0.996468663
1403638567977829376.000000 -1.544937491 -6.709659576 12.681907654 0.000853989 0.084223628 0.012670374 0.996365964
1403638568127829504.000000 -1.234969020 -6.462482452 12.434368134 0.002108373 0.086633258 0.009560759 0.996192217
1403638568227829760.000000 -1.026852369 -6.324594498 12.269929886 0.003112800 0.087644972 0.008043356 0.996114433
1403638568427829504.000000 -0.676965952 -6.072549820 11.978819847 0.000150866 0.089545079 0.008053889 0.995950222
1403638568627829504.000000 -0.354027748 -5.795078754 11.731245995 -0.004293456 0.090334408 0.006539360 0.995880783
1403638568827829504.000000 -0.083735064 -5.526374817 11.525092125 -0.006174641 0.090183020 0.006661712 0.995883822
1403638569027829760.000000 0.166709259 -5.353233814 11.347965240 -0.004837230 0.090462632 0.005452691 0.995873213
1403638569127829504.000000 0.254068136 -5.294313908 11.259510994 -0.005130062 0.091561243 0.003506741 0.995780051
1403638569527829760.000000 0.543185472 -5.110190392 11.059229851 -0.006251078 0.094558120 -0.000138191 0.995499730
1403638570527829760.000000 0.557359874 -4.880811214 11.072628975 0.008577573 0.095426127 0.052495040 0.994014382
1403638570627829504.000000 0.548704267 -4.809761524 11.114691734 0.012836595 0.108570017 0.079301588 0.990837574
1403638571227829760.000000 1.012012839 -4.288016796 11.138851166 0.033370748 0.246750712 0.133214056 0.959298968
1403638571327829504.000000 1.152163506 -4.179915905 11.065317154 0.028274618 0.264308065 0.127183825 0.955597281
1403638571477829376.000000 1.380141973 -4.062723160 10.927187920 0.030011671 0.276796252 0.128080443 0.951881588
1403638571677829632.000000 1.694101572 -3.911839962 10.691907883 0.027584432 0.295075119 0.131854549 0.945930302
1403638571877829632.000000 2.035052538 -3.714953423 10.439051628 0.018293442 0.324936748 0.149608508 0.933648109
1403638571977829376.000000 2.222980261 -3.627398491 10.302978516 0.017930785 0.342050016 0.161491528 0.925527275
1403638572577829376.000000 3.539441586 -3.138392687 9.245462418 -0.001130605 0.453271627 0.193172127 0.870188594
1403638572677829632.000000 3.790990353 -3.061337709 9.064458847 -0.003672243 0.460701913 0.194496974 0.865974128
1403638572777829376.000000 4.044792175 -2.994004726 8.888861656 -0.009253990 0.466902435 0.189911738 0.863626063
1403638572977829376.000000 4.569140434 -2.917645454 8.537220001 -0.017785529 0.469261408 0.186198816 0.863022268
1403638573077829376.000000 4.844146729 -2.885667801 8.375223160 -0.020565087 0.467828572 0.185505360 0.863887310
1403638573177829632.000000 5.117225647 -2.848584652 8.222185135 -0.021748506 0.465803295 0.185640737 0.864923000
1403638573277829376.000000 5.402663231 -2.815714359 8.086524963 -0.022451302 0.463273436 0.184996471 0.866400599
1403638573377829632.000000 5.697446346 -2.790221691 7.965617657 -0.023202756 0.462318480 0.184596017 0.866976082
1403638573477829376.000000 5.991889954 -2.772944927 7.847724438 -0.024978641 0.464823604 0.182880178 0.865950346
1403638573577829376.000000 6.309010506 -2.769135952 7.744674206 -0.025574237 0.466346890 0.182308361 0.865234196
1403638573677829632.000000 6.631363392 -2.795881987 7.641503811 -0.028204096 0.468862534 0.180894345 0.864088953
1403638573777829376.000000 6.956296921 -2.846204281 7.552878857 -0.026954897 0.476441681 0.179903775 0.860181034
1403638573877829632.000000 7.300494194 -2.888616085 7.482734680 -0.018431772 0.490829408 0.176516160 0.852988183
1403638573977829376.000000 7.654010773 -2.916153431 7.424766541 -0.005232013 0.507830024 0.180888236 0.842235506
1403638574077829376.000000 8.005727768 -2.944437742 7.382288456 0.012216317 0.524359941 0.194906354 0.828799784
1403638574177829632.000000 8.346447945 -2.957665205 7.334536552 0.029017074 0.542256117 0.210443333 0.812914431
1403638574277829376.000000 8.674565315 -2.951014996 7.279882431 0.038351476 0.561694682 0.223472297 0.795668542
1403638574477829376.000000 9.313903809 -2.896087170 7.161855698 0.032613531 0.602997839 0.239778683 0.760155380
1403638574577829376.000000 9.602627754 -2.863210440 7.069499016 0.031021567 0.618788838 0.245539725 0.745552301
1403638574677829632.000000 9.896487236 -2.845247746 6.975936890 0.027196826 0.632044017 0.244920522 0.734707177
1403638574777829376.000000 10.171326637 -2.836717129 6.870751381 0.017496398 0.641925991 0.240799323 0.727764130
1403638574977829376.000000 10.696411133 -2.825249672 6.648489952 0.002075451 0.645516038 0.247315496 0.722592413
1403638575077829376.000000 10.947748184 -2.808329344 6.546438217 0.004508650 0.642254293 0.255886585 0.722503424
1403638575427829504.000000 11.864322662 -2.655400276 6.194725990 0.006988160 0.633118391 0.267245084 0.726424456
1403638575527829760.000000 12.126432419 -2.590764999 6.084074974 0.001555417 0.630689859 0.266495079 0.728840351
1403638575677829632.000000 12.544319153 -2.495040894 5.905642509 -0.010562930 0.630137742 0.258320719 0.732178450
1403638575777829376.000000 12.829095840 -2.458012581 5.784584045 -0.020112166 0.629416227 0.255008638 0.733758390
1403638575877829632.000000 13.130630493 -2.437657356 5.652270317 -0.025222002 0.628292263 0.253528744 0.735075414
1403638575977829376.000000 13.444129944 -2.441235542 5.520253181 -0.024583323 0.627493560 0.252987355 0.735965312
1403638576077829376.000000 13.774663925 -2.468973160 5.388723373 -0.025094714 0.627242863 0.251501352 0.736670792
1403638576177829632.000000 14.102991104 -2.511198044 5.255532265 -0.022151016 0.627861083 0.250898927 0.736443818
1403638576377829632.000000 14.805441856 -2.569988728 5.037163734 -0.026496328 0.632065356 0.241043702 0.735995531
1403638576477829376.000000 15.165343285 -2.589715481 4.940110207 -0.031756066 0.633671701 0.236558557 0.735861242
1403638576577829376.000000 15.531151772 -2.596107960 4.864511490 -0.039752245 0.635552645 0.231508449 0.735456586
1403638576677829632.000000 15.901371956 -2.615513325 4.809806824 -0.043062225 0.637031078 0.228050441 0.735071421
1403638576777829376.000000 16.280008316 -2.620244026 4.779128075 -0.038250528 0.639253497 0.221955329 0.735273898
1403638576927829504.000000 16.865970612 -2.623856068 4.760588646 -0.023400148 0.640356839 0.219496235 0.735674560
1403638577227829760.000000 17.989355087 -2.676266670 4.818537712 -0.005441947 0.637239099 0.230601445 0.735336542
1403638577377829632.000000 18.533674240 -2.759952068 4.855653763 -0.015062295 0.640433967 0.221454188 0.735238433
1403638577527829760.000000 19.061943054 -2.869471073 4.906064987 -0.019175028 0.641385257 0.217852354 0.735389531
1403638577677829632.000000 19.583961487 -2.965432644 4.982341766 -0.016618704 0.639098048 0.223058000 0.735882223
1403638577827829504.000000 20.087711334 -3.044037342 5.095911026 -0.015445348 0.637534797 0.226356715 0.736256480
1403638577977829376.000000 20.597717285 -3.105561733 5.244808197 -0.015658760 0.637342930 0.224493608 0.736988068
1403638578127829504.000000 21.093767166 -3.202073574 5.394905090 -0.011252463 0.635698497 0.226088285 0.738000631
1403638578277829376.000000 21.592222214 -3.329194546 5.546226501 0.002172416 0.630449474 0.238513291 0.738674700
1403638578627829504.000000 22.719049454 -3.569796562 5.902320862 0.006909610 0.631100178 0.240849063 0.737330794
1403638578777829376.000000 23.188995361 -3.633331776 6.058088303 0.000907983 0.634425044 0.233679935 0.736815989
1403638578927829504.000000 23.658641815 -3.662498951 6.225746155 -0.005367204 0.637177587 0.226368800 0.736704290
1403638579077829376.000000 24.098154068 -3.732413292 6.370319366 -0.006861182 0.637093723 0.223343387 0.737687111
1403638579227829760.000000 24.527431488 -3.833779335 6.518335342 -0.005991584 0.636908472 0.222417593 0.738134205
1403638579527829760.000000 25.373987198 -4.090126991 6.855972290 0.012823011 0.629626811 0.238460258 0.739285052
1403638579677829632.000000 25.748601913 -4.193944931 7.006021500 0.025913201 0.624091327 0.223893479 0.748137832
1403638582177829632.000000 28.918689728 -4.858806610 9.050191879 0.018778620 0.336377025 0.106386267 0.935510516
1403638582377829632.000000 28.987363815 -4.992947578 9.088043213 0.019669790 0.337202460 0.103090875 0.935563922
1403638582727829760.000000 29.044525146 -5.372607231 9.041552544 0.019330448 0.337138444 0.101048402 0.935816884
1403638586127829504.000000 25.293897629 -7.278815269 9.623675346 0.004004989 0.333367974 0.116153874 0.935605705
1403638586427829504.000000 24.805864334 -7.378904819 9.710760117 0.018615322 0.339604825 0.102463365 0.934785187
1403638586727829760.000000 24.275112152 -7.449229240 9.787891388 0.018643618 0.340114474 0.102101065 0.934638977
1403638587177829632.000000 23.398204803 -7.378108025 9.986427307 0.019050175 0.337306976 0.105811767 0.935235262
1403638587477829376.000000 22.782688141 -7.402810097 10.042198181 0.013183303 0.335658193 0.109360129 0.935521364
1403638587627829504.000000 22.476501465 -7.413605690 10.080392838 0.013619632 0.335435838 0.111346275 0.935360551
1403638588577829376.000000 20.448869705 -7.180428505 10.435321808 0.013262075 0.338422775 0.104601391 0.935068309
1403638589077829376.000000 19.301595688 -7.263836384 10.564502716 0.017750055 0.337155074 0.111772873 0.934621990
1403638589277829376.000000 18.839849472 -7.219407558 10.626422882 0.019490849 0.338086039 0.110513791 0.934400678
1403638589477829376.000000 18.385229111 -7.152065277 10.678063393 0.018512776 0.337983459 0.111160673 0.934380949
1403638589677829632.000000 17.917316437 -7.149522781 10.690378189 0.017840622 0.337405145 0.111836463 0.934522450
1403638589877829632.000000 17.468509674 -7.173137665 10.678169250 0.013959213 0.338090152 0.113021836 0.934198201
1403638590277829376.000000 16.561470032 -7.107458115 10.687128067 0.016494386 0.339506179 0.114495195 0.933463633
1403638590727829760.000000 15.544215202 -6.950610638 10.726696014 0.009764789 0.338780195 0.118909970 0.933270097
1403638590927829504.000000 15.116072655 -6.964637756 10.691930771 0.006976349 0.338273913 0.119501293 0.933403194
1403638591377829632.000000 14.233541489 -7.042110920 10.664627075 -0.022169402 0.335037231 0.130873337 0.932808042
1403638591577829376.000000 13.916979790 -7.030223846 10.745535851 -0.032940909 0.333059311 0.138093799 0.932156920
1403638591777829376.000000 13.669928551 -7.013319016 10.878139496 -0.030253809 0.333998412 0.137960643 0.931931674
1403638591977829376.000000 13.513842583 -7.032356262 11.042770386 -0.021090552 0.334333897 0.135606259 0.932409227
1403638592177829632.000000 13.409211159 -7.129803181 11.228584290 -0.009367517 0.331923008 0.133686632 0.933738351
1403638592377829632.000000 13.353488922 -7.318934917 11.381766319 0.014469184 0.312860638 0.128882051 0.940902948
1403638592777829376.000000 13.304253578 -7.863533974 11.575033188 -0.005655581 0.261548072 0.108444124 0.959062278
1403638592927829504.000000 13.335825920 -8.041996002 11.640309334 -0.013849529 0.253993690 0.106082790 0.961270988
1403638593077829376.000000 13.393186569 -8.206899643 11.743653297 -0.015915295 0.251266897 0.104085512 0.962173522
1403638593227829760.000000 13.480373383 -8.388782501 11.848336220 -0.009293042 0.252222389 0.100175619 0.962425232
1403638593377829632.000000 13.588861465 -8.585337639 11.967514038 -0.001421849 0.258654207 0.086480148 0.962090015
1403638593677829632.000000 13.757013321 -8.973197937 12.226924896 0.011669160 0.268517137 0.072509602 0.960471094
1403638594427829504.000000 13.854761124 -9.765300751 12.703905106 0.028397726 0.244101495 0.062067933 0.967344642
1403638594577829376.000000 13.818157196 -9.952693939 12.725852966 0.028941365 0.240530923 0.064087287 0.968090951
1403638595177829632.000000 13.528509140 -10.447730064 12.733697891 0.021649932 0.238421619 0.078767627 0.967720032
1403638595327829504.000000 13.448076248 -10.491868019 12.735439301 0.020793242 0.239158347 0.078320444 0.967593312
1403638595927829504.000000 13.120456696 -10.503867149 12.719340324 0.016796004 0.242011800 0.069279805 0.967651010
1403638596127829504.000000 12.972995758 -10.432168007 12.753025055 0.013564799 0.248495594 0.053574115 0.967055202
1403638596427829504.000000 12.669630051 -10.363696098 12.776681900 0.005527814 0.259222746 0.018825829 0.965618253
1403638596577829376.000000 12.416656494 -10.409561157 12.804094315 0.003645244 0.263022006 0.006117042 0.964763582
1403638596727829760.000000 12.103290558 -10.504206657 12.838986397 0.001244555 0.266376883 -0.005770135 0.963850856
1403638596877829632.000000 11.689955711 -10.653416634 12.882531166 0.002062263 0.267894596 -0.012561407 0.963364124
1403638597027829760.000000 11.200115204 -10.829851151 12.949277878 0.003706024 0.269634724 -0.015458703 0.962831438
1403638597177829632.000000 10.603978157 -10.969752312 13.067946434 0.007276379 0.272490531 -0.019109368 0.961941183
1403638597327829504.000000 9.946042061 -11.088101387 13.206450462 0.014144413 0.271717042 -0.012145145 0.962196648
1403638597477829376.000000 9.221688271 -11.184108734 13.385829926 0.023685997 0.267450720 0.001997422 0.963278353
1403638597627829504.000000 8.406987190 -11.272974014 13.574554443 0.036106411 0.262056947 0.020773280 0.964152992
1403638597777829376.000000 7.569258690 -11.323116302 13.782258987 0.034807958 0.262037396 0.016160356 0.964294374
1403638597927829504.000000 6.671245575 -11.338562965 13.999002457 0.029613454 0.258261353 -0.001054323 0.965620518
1403638598077829376.000000 5.747322083 -11.373799324 14.211907387 0.031605735 0.248385474 -0.002972295 0.968140960
1403638598227829760.000000 4.723756313 -11.440922737 14.399572372 0.034744971 0.230609879 0.025675988 0.972086728
1403638598377829632.000000 3.687599659 -11.523014069 14.537174225 0.030654581 0.220114917 0.044905547 0.973957479
1403638598527829760.000000 2.681485415 -11.578666687 14.688707352 0.025882620 0.215368539 0.049858294 0.974915683
1403638598677829632.000000 1.690716028 -11.549837112 14.849075317 0.022267653 0.203781337 0.045222998 0.977717876
1403638598877829632.000000 0.369231135 -11.537590981 15.043509483 0.023173453 0.175205126 0.033682879 0.983682692
1403638599077829376.000000 -0.966385841 -11.546050072 15.218455315 0.023676710 0.139925852 0.018805295 0.989700258
1403638599277829376.000000 -2.199849129 -11.604029655 15.322305679 0.022431323 0.099863343 0.000925958 0.994747877
1403638599477829376.000000 -3.543672085 -11.692511559 15.427270889 0.015187899 0.067289501 -0.012166250 0.997543752
1403638599727829760.000000 -5.044967175 -11.807324409 15.560861588 0.008000379 0.049982194 -0.017007589 0.998573244
1403638599927829504.000000 -6.254796028 -11.826587677 15.681091309 0.005009243 0.049204469 -0.010972847 0.998715878
1403638600177829632.000000 -7.704822540 -11.814963341 15.910134315 0.001469741 0.044183806 0.019197877 0.998837888
1403638600377829632.000000 -8.789175034 -11.783164024 16.114219666 -0.004965843 0.040139295 0.045237441 0.998157203
1403638600577829376.000000 -9.741050720 -11.807252884 16.309698105 -0.008800839 0.039974835 0.053560242 0.997725368
1403638600777829376.000000 -10.560378075 -11.909128189 16.511354446 -0.018537663 0.039109051 0.057344224 0.997415900
1403638600977829376.000000 -11.234617233 -12.048907280 16.769241333 -0.028021326 0.048889630 0.023006584 0.998145938
1403638601227829760.000000 -12.007537842 -12.231314659 17.149690628 -0.022028988 0.056591224 -0.004236751 0.998145401
1403638601427829504.000000 -12.622798920 -12.380223274 17.524517059 -0.000659009 0.048783995 -0.010398697 0.998755038
1403638601627829504.000000 -13.242085457 -12.579625130 17.909671783 0.011936903 0.015118543 -0.019870671 0.999616981
1403638601827829504.000000 -13.839910507 -12.809715271 18.266090393 0.018862160 -0.034998748 -0.048452247 0.998033881
1403638602077829376.000000 -14.595540047 -13.105931282 18.700611115 0.021597467 -0.093820773 -0.076201476 0.992433667
1403638602327829504.000000 -15.403108597 -13.365139961 19.093873978 0.037850317 -0.135076091 -0.098159596 0.985234261
1403638602827829504.000000 -16.923110962 -13.858105659 19.406677246 0.103884056 -0.268361568 -0.082478337 0.954142332
1403638603327829504.000000 -17.623826981 -14.156934738 18.909948349 0.052693482 -0.358111501 -0.117897242 0.924705267
1403638603527829760.000000 -17.741315842 -14.126692772 18.687568665 0.022280488 -0.361639500 -0.135308802 0.922177851
1403638603727829760.000000 -17.817180634 -14.054197311 18.484352112 0.042835195 -0.367363691 -0.140921384 0.918341041
1403638603927829504.000000 -17.855892181 -13.910435677 18.289777756 0.067288034 -0.362600625 -0.157108158 0.916138768
1403638604127829504.000000 -17.860086441 -13.713020325 18.028217316 0.081043147 -0.357871085 -0.166279912 0.915265679
1403638604977829376.000000 -17.683574677 -12.928255081 16.069194794 0.015087899 -0.363576710 -0.151948318 0.918964684
1403638605177829632.000000 -17.613180161 -12.797519684 15.579580307 -0.004115983 -0.361626804 -0.157833159 0.918856800
1403638605427829504.000000 -17.573814392 -12.661912918 15.031763077 0.009745209 -0.355661482 -0.173665181 0.918286681
1403638605627829504.000000 -17.571086884 -12.526916504 14.616847992 0.038822040 -0.350353807 -0.189069822 0.916513860
1403638605877829632.000000 -17.647487640 -12.324941635 14.045186996 0.044230413 -0.347705215 -0.195620865 0.915902436
1403638606077829376.000000 -17.759792328 -12.200172424 13.526660919 0.045618355 -0.344025791 -0.201652974 0.915915608
1403638606327829504.000000 -17.984985352 -11.955132484 12.793647766 0.039757807 -0.341221660 -0.203275889 0.916878402
1403638606577829376.000000 -18.297760010 -11.598253250 12.038653374 -0.000184659 -0.349054545 -0.180657804 0.919523597
1403638606827829504.000000 -18.686544418 -11.171669960 11.359420776 -0.019633491 -0.371006191 -0.186845958 0.909427106
1403638607077829376.000000 -19.179622650 -10.807123184 10.758954048 -0.024985449 -0.417112082 -0.199626371 0.886308432
1403638607977829376.000000 -21.193700790 -9.678385735 9.297227859 0.000483609 -0.467550337 -0.177248716 0.866013527
1403638608277829376.000000 -21.773754120 -9.183338165 9.094942093 0.021137996 -0.462637663 -0.177765682 0.868285060
1403638608627829504.000000 -22.335910797 -8.535881996 8.889314651 0.031587537 -0.461571187 -0.174073517 0.869282901
1403638609177829632.000000 -22.913887024 -7.671194553 8.537083626 0.015419521 -0.463650882 -0.172348380 0.868956983
1403638609477829376.000000 -23.110898972 -7.274343491 8.390590668 0.015111270 -0.464566827 -0.167529374 0.869415462
1403638609727829760.000000 -23.210182190 -6.874212265 8.362871170 0.017727401 -0.461946756 -0.174791500 0.869332433
1403638610027829760.000000 -23.260166168 -6.476389408 8.331792831 0.018674660 -0.463545442 -0.171466663 0.869123757
1403638610277829376.000000 -23.272283554 -6.207724571 8.270651817 0.029602835 -0.464620948 -0.164972618 0.869502842
1403638610627829504.000000 -23.139623642 -5.751786232 8.258313179 0.048082720 -0.466541171 -0.157111794 0.869104862
1403638610927829504.000000 -22.882062912 -5.367484570 8.231111526 0.028010137 -0.466761410 -0.164393991 0.868518174
1403638611227829760.000000 -22.505937576 -5.044254303 8.184080124 0.033907913 -0.469877452 -0.160547778 0.867346466
1403638611527829760.000000 -22.011024475 -4.747457504 8.141815186 0.047786977 -0.459311604 -0.187750995 0.866890371
1403638611827829504.000000 -21.470283508 -4.520338535 7.984356880 0.029166672 -0.459809840 -0.182133332 0.868649364
1403638612127829504.000000 -20.926700592 -4.206910133 7.811420441 0.014807656 -0.461278796 -0.171881855 0.870321333
1403638612427829504.000000 -20.362638474 -4.039692879 7.662654877 0.016667157 -0.459529698 -0.173239350 0.870943606
1403638612777829376.000000 -19.725990295 -3.759379864 7.518040657 0.031466819 -0.449789554 -0.182836473 0.873653293
1403638613127829504.000000 -19.060852051 -3.493243933 7.332378387 0.028965250 -0.447365880 -0.177706510 0.876039505
1403638613477829376.000000 -18.408117294 -3.359037161 7.058037758 0.027689619 -0.446265191 -0.178081915 0.876565754
1403638613827829504.000000 -17.729717255 -3.129781961 6.806304455 0.037478134 -0.438374341 -0.156700507 0.884233177
1403638614177829632.000000 -16.981122971 -2.760611296 6.582505703 0.033160478 -0.384711474 -0.144739509 0.911014795
1403638614527829760.000000 -16.157949448 -2.466359854 6.301179886 0.023110095 -0.343623996 -0.128257409 0.930020750
1403638614877829632.000000 -15.290708542 -2.388253927 5.942679405 0.002843899 -0.302318424 -0.095094651 0.948447406
1403638615227829760.000000 -14.335544586 -2.580570936 5.620034695 0.009079110 -0.205276623 -0.072572373 0.975967407
1403638615527829760.000000 -13.463276863 -2.726715088 5.359360695 0.022879029 -0.108966693 -0.046497773 0.992693722
1403638615727829760.000000 -12.904706955 -2.781047344 5.228256226 0.024124412 -0.067361020 -0.030335916 0.996975541
1403638615877829632.000000 -12.482542992 -2.846459389 5.108316898 0.023654068 -0.050575968 -0.020248532 0.998234749
1403638616127829504.000000 -11.798145294 -2.940570831 4.934485435 0.021851001 -0.016023301 -0.006416004 0.999612272
1403638616377829632.000000 -11.099779129 -2.849345446 4.816695213 0.019784559 0.032824643 0.015799345 0.999140382
1403638616677829632.000000 -10.261263847 -2.578219652 4.729816914 0.006069503 0.076213770 0.035074823 0.996455908
1403638616977829376.000000 -9.400741577 -2.266078949 4.666786671 -0.016796941 0.081702530 0.049236100 0.995298147
1403638617727829760.000000 -7.196703434 -2.315635443 4.761311054 -0.017527062 0.076393336 0.015106233 0.996809244
1403638618177829632.000000 -6.027056217 -2.836016655 5.027890205 -0.014661553 0.069525391 0.013098869 0.997386456
1403638618427829504.000000 -5.415896893 -3.067733526 5.283283710 -0.013293105 0.067867160 0.010531884 0.997550189
1403638618827829504.000000 -4.535747051 -3.460067987 5.810492516 -0.009886773 0.077863805 0.011377112 0.996850073
1403638619127829504.000000 -3.932237387 -3.790542126 6.253679276 0.006262016 0.118639030 0.022998011 0.992651343
1403638619627829504.000000 -3.134110928 -4.049587250 7.101046562 0.017636664 0.221664131 0.079501249 0.971716821
1403638620577829376.000000 -1.484041452 -4.257465839 8.284544945 0.025393073 0.239548057 0.095533922 0.965839148
1403638622477829376.000000 1.400856972 -3.977193832 9.012171745 0.035501774 0.229469240 0.070358127 0.970120251
1403638623077829376.000000 1.627883077 -3.965719700 8.429104805 0.049565740 0.235480234 0.067610420 0.968256772
1403638623827829504.000000 1.477862597 -3.510845184 7.158353329 0.027251240 0.234880731 0.075355433 0.968715608
1403638624377829632.000000 1.246452093 -3.203296185 6.055565357 0.022611445 0.237616584 0.087009937 0.967189908
1403638625027829760.000000 0.948917270 -2.576127529 4.710871220 0.022714730 0.223718509 0.074906662 0.971505582
1403638625677829632.000000 0.656671166 -2.027039051 3.233667374 0.019094078 0.210510477 0.079861574 0.974137008
1403638626227829760.000000 0.557304084 -1.658908248 2.087760448 0.002580154 0.211369365 0.082858592 0.973884404
1403638626927829504.000000 0.523653865 -1.000459671 1.059885740 -0.010336000 0.213574305 0.070600234 0.974317610
1403638627477829376.000000 0.520381272 -0.678028107 0.441106915 -0.009078340 0.212186277 0.066266961 0.974937558
1403638628027829760.000000 0.494634002 -0.371929884 0.140241116 -0.003323887 0.217063144 0.060163993 0.974296093
1403638628577829376.000000 0.413852960 -0.224213973 0.084854662 0.010717734 0.213013232 0.078485452 0.973832905
1403638629127829504.000000 0.358750165 -0.113551311 0.029409053 0.009998549 0.218364686 0.066450126 0.973550856
1403638629627829504.000000 0.285602987 -0.077472165 -0.019560788 -0.009379478 0.215429440 0.077102832 0.973425567
1403638630077829376.000000 0.284408808 -0.051381551 0.051139981 0.029028384 0.220225066 0.071390539 0.972399950
1403638630627829504.000000 0.286636531 -0.124806918 0.046426788 0.012467098 0.218858227 0.065241866 0.973493278
1403638630927829504.000000 0.216837317 0.140045747 0.168063745 -0.023751162 0.210284442 0.066098191 0.975114048
