1403636858651666432.000000 0.000000000 0.000000000 0.000000000 -0.000000000 -0.000000000 -0.000000000 1.000000000
1403636858751666432.000000 0.002637797 -0.001718966 -0.001126298 -0.002648089 0.004491218 -0.000504997 0.999986291
1403636858801666816.000000 0.004453288 -0.003726872 -0.002332512 -0.003946530 0.005697980 0.000017701 0.999975979
1403636858901666560.000000 0.010136152 -0.011156357 -0.005275881 -0.006200324 0.010223578 0.000471408 0.999928415
1403636859001666560.000000 0.017245116 -0.022156084 -0.008492439 -0.007529854 0.015254267 0.000838291 0.999854982
1403636859101666816.000000 0.024823945 -0.034076471 -0.012683042 -0.011220217 0.019599834 -0.000097069 0.999744952
1403636859201666560.000000 0.032137249 -0.044427108 -0.016851701 -0.017362088 0.022265622 -0.000021491 0.999601364
1403636859301666816.000000 0.037684210 -0.057053868 -0.021182222 -0.019382682 0.028316764 0.000063787 0.999411047
1403636859401666560.000000 0.041776266 -0.075553082 -0.026921347 -0.016166596 0.034898367 -0.003210277 0.999254942
1403636859501666560.000000 0.044502228 -0.100875795 -0.033133354 -0.020029647 0.039100640 -0.003535810 0.999028265
1403636859651666432.000000 0.047933061 -0.146822780 -0.041429911 -0.022476267 0.051602047 -0.009581527 0.998368800
1403636861451666688.000000 0.065259002 -0.282439142 -0.084526181 -0.001099526 0.061874419 -0.011844781 0.998013079
1403636863051666432.000000 0.061442211 -0.331391186 -0.095648557 -0.031838741 0.072757669 -0.003881946 0.996833801
1403636864401666560.000000 0.063290797 -0.272570461 -0.087411240 -0.066435240 0.071936838 -0.007949575 0.995162427
1403636867751666432.000000 0.057180852 -0.137619674 -0.106358796 -0.228932977 0.052153192 0.006986069 0.972019017
1403636867851666432.000000 0.057834420 -0.134414747 -0.110845640 -0.279870600 0.056733169 0.013351381 0.958266973
1403636868951666688.000000 0.024557590 -0.141098991 -0.144602418 -0.261076778 0.070474356 0.017875383 0.962576151
1403636869101666816.000000 0.020226048 -0.142691478 -0.145019636 -0.253121406 0.062461387 0.019851362 0.965211928
1403636869401666560.000000 0.017210795 -0.140527457 -0.142931715 -0.252236336 0.055858824 0.018165993 0.965881288
1403636869651666432.000000 0.030269861 -0.140556112 -0.140963703 -0.253835320 0.057079066 0.018569831 0.965383291
1403636869801666816.000000 0.057471022 -0.141948000 -0.138637334 -0.258290678 0.062727846 0.020478083 0.963811100
1403636869951666688.000000 0.098263659 -0.147061080 -0.132951736 -0.249892980 0.073064774 0.026336504 0.965153575
1403636870101666816.000000 0.148105860 -0.152483582 -0.125559226 -0.250391096 0.085089318 0.033213437 0.963826239
1403636870251666432.000000 0.203121498 -0.156717882 -0.119593695 -0.255577832 0.095346481 0.034412347 0.961459756
1403636870551666432.000000 0.303233951 -0.163308635 -0.107754178 -0.248130530 0.111151107 0.042912103 0.961371541
1403636870701666560.000000 0.338969529 -0.161187127 -0.104881532 -0.255346149 0.123185970 0.041994132 0.958050132
1403636870801666816.000000 0.353271306 -0.161267489 -0.101294287 -0.247246310 0.124289148 0.046543803 0.959820390
1403636872451666688.000000 -0.018451901 -0.137976155 -0.086054899 -0.250670105 0.048881661 0.038636673 0.966065407
1403636872601666816.000000 -0.031976447 -0.137421176 -0.085898213 -0.248594940 0.042431269 0.034930576 0.967047095
1403636873451666688.000000 0.209734842 -0.148409739 -0.082229555 -0.251187742 0.091705389 0.051128514 0.962226987
1403636873601666816.000000 0.268255830 -0.145948559 -0.083875224 -0.256456792 0.104577541 0.053763550 0.959376335
1403636873751666432.000000 0.312821150 -0.141583011 -0.086013526 -0.262657613 0.113175362 0.057224739 0.956518471
1403636873851666432.000000 0.330183923 -0.138308778 -0.088190719 -0.263378650 0.114144810 0.057706781 0.956176043
1403636874351666432.000000 0.306807846 -0.136320293 -0.085133784 -0.267226428 0.110837199 0.056890380 0.955546260
1403636874801666816.000000 0.137420595 -0.134658277 -0.071390018 -0.259193152 0.076886587 0.046282653 0.961647213
1403636875501666560.000000 -0.014313821 -0.114244848 -0.060231224 -0.215232089 0.128142223 0.110949926 0.961740553
1403636875701666560.000000 -0.013580195 -0.099515267 -0.106360242 -0.220154047 0.143007711 0.133432701 0.955655158
1403636875901666560.000000 0.014380256 -0.081238478 -0.159762859 -0.218584314 0.181115478 0.146471009 0.947609842
1403636876051666432.000000 0.051380042 -0.074422166 -0.198258460 -0.216280922 0.218295634 0.158435494 0.938332438
1403636876201666560.000000 0.098890290 -0.075508453 -0.221913382 -0.205421463 0.259913802 0.167572960 0.928529024
1403636876351666432.000000 0.155562282 -0.077884898 -0.224316731 -0.206520498 0.286015213 0.177619338 0.918692529
1403636876501666560.000000 0.220637456 -0.084851168 -0.205777586 -0.210965633 0.304168880 0.176298097 0.912082136
1403636876601666816.000000 0.262451231 -0.093151495 -0.182794899 -0.202741653 0.308937758 0.165418312 0.914379656
1403636876701666560.000000 0.296334654 -0.106200822 -0.152966022 -0.193911701 0.303647548 0.153030932 0.920205414
1403636876801666816.000000 0.318870544 -0.120473571 -0.118774399 -0.188850850 0.288355708 0.138929725 0.928377569
1403636876901666560.000000 0.325380355 -0.134834394 -0.081616968 -0.186002225 0.267583072 0.121052079 0.937629402
1403636877051666432.000000 0.306577712 -0.151541665 -0.024970131 -0.178635851 0.220664591 0.095850751 0.954048753
1403636877951666688.000000 -0.026391765 -0.117736645 -0.043137506 -0.234007537 0.008577981 0.035987861 0.971530676
1403636878101666816.000000 -0.028552514 -0.095500119 -0.088944778 -0.240842387 0.041023869 0.047578823 0.968528926
1403636878301666816.000000 0.008167507 -0.071580060 -0.142099276 -0.232519805 0.093226023 0.071209006 0.965490937
1403636878451666688.000000 0.060061466 -0.062960088 -0.170706630 -0.227434233 0.131054208 0.094727792 0.960273445
1403636878601666816.000000 0.123965308 -0.065047383 -0.185531363 -0.222932845 0.173107311 0.107783288 0.953266799
1403636878801666816.000000 0.212559074 -0.083478875 -0.178157702 -0.211769909 0.218573600 0.110258833 0.946161747
1403636878951666688.000000 0.270836920 -0.100267947 -0.155536965 -0.208452538 0.229427457 0.112811305 0.944025576
1403636879201666560.000000 0.328253388 -0.133093134 -0.094653808 -0.193302065 0.224035427 0.110787511 0.948772132
1403636879351666432.000000 0.331832439 -0.155369058 -0.051438902 -0.175909594 0.208511502 0.095796235 0.957288802
1403636879651666432.000000 0.258452445 -0.182275638 0.006038001 -0.170500755 0.130158737 0.059785660 0.974891722
1403636879851666432.000000 0.174565881 -0.186898693 0.008326598 -0.180509567 0.081278369 0.052078821 0.978824794
1403636880301666816.000000 0.092068419 -0.153362304 -0.095392346 -0.198017761 0.085556902 0.051579837 0.975094140
1403636880501666560.000000 0.111329712 -0.140790313 -0.160579532 -0.186244473 0.141950950 0.063207880 0.970138013
1403636880701666560.000000 0.100037277 -0.131355926 -0.223099232 -0.193058863 0.177725062 0.074430995 0.962082207
1403636880901666560.000000 0.053802509 -0.124539539 -0.258373916 -0.202879101 0.169904560 0.081729025 0.960881293
1403636881101666816.000000 0.001581902 -0.125622720 -0.252997190 -0.182819739 0.141020969 0.066326156 0.970716655
1403636881301666816.000000 -0.039683126 -0.137485161 -0.220178053 -0.169847474 0.090913616 0.048176531 0.980084538
1403636881501666560.000000 -0.039680995 -0.156677574 -0.166734397 -0.164644271 0.063666187 0.023983443 0.984003901
1403636881701666560.000000 0.004603921 -0.176036343 -0.105968595 -0.156255931 0.056268997 -0.000156839 0.986112535
1403636882551666432.000000 0.199730664 -0.128712177 -0.059889428 -0.140949205 0.089422405 0.023549983 0.985688806
1403636882751666432.000000 0.173985749 -0.116226509 -0.044529498 -0.101610698 0.057464149 0.017423676 0.993010342
1403636883351666432.000000 0.125888959 -0.051655140 0.056516249 -0.033607636 -0.048321526 -0.027329586 0.997892141
1403636883551666432.000000 0.121524043 -0.040665492 0.071245864 -0.018527823 -0.062609449 -0.030456854 0.997401237
1403636883801666816.000000 0.119659588 -0.033943463 0.080034144 -0.009482032 -0.078345820 -0.038744476 0.996127963
1403636884251666432.000000 0.121000573 -0.029913565 0.083230950 0.009919357 -0.092977762 -0.039716102 0.994826317
1403636889051666432.000000 0.120333619 -0.029922655 0.082308710 0.011941525 -0.093799375 -0.038709074 0.994766712
1403636897301666816.000000 0.122606732 -0.028721837 0.078980327 0.009642727 -0.098126084 -0.041044824 0.994280457
1403636897751666432.000000 0.156993106 -0.023387674 0.042377755 -0.039821610 -0.066834927 -0.061337844 0.995080411
1403636898001666560.000000 0.175125271 -0.051084552 0.017056331 -0.046677202 -0.065789968 -0.069952086 0.994283497
1403636898201666560.000000 0.182116643 -0.070644803 0.012646190 -0.031345613 -0.073512338 -0.068640508 0.994435489
1403636898451666688.000000 0.185319901 -0.102057658 0.011090593 -0.031314772 -0.082160026 -0.071064442 0.993588924
1403636899401666560.000000 0.181270182 -0.232785046 0.094421439 -0.007796834 -0.035904571 -0.039362360 0.998549342
1403636900451666688.000000 0.314869761 -0.339385420 0.203232840 -0.019491022 0.028859695 -0.026696198 0.999036789
1403636900651666432.000000 0.343773186 -0.372776091 0.209317580 -0.029065059 0.022948820 -0.028231714 0.998915195
1403636900901666560.000000 0.381426781 -0.400822490 0.231146500 -0.038144145 0.014419894 -0.017496958 0.999014974
1403636901101666816.000000 0.420241088 -0.409252673 0.266268939 -0.029637858 0.009753029 -0.007829003 0.999482512
1403636901301666816.000000 0.470950603 -0.416490465 0.302109271 -0.026857646 0.011039745 -0.011289410 0.999514580
1403636901701666560.000000 0.595779836 -0.464912951 0.379812121 -0.020426404 0.017330799 -0.025771713 0.999308884
1403636902001666560.000000 0.697751582 -0.474388480 0.439566731 -0.019476783 0.016857853 -0.027345365 0.999294102
1403636902201666560.000000 0.764904857 -0.482147634 0.479340613 -0.019134831 0.016137196 -0.029790297 0.999242723
1403636902401666560.000000 0.833049834 -0.492185742 0.514574289 -0.020874206 0.016267739 -0.024740992 0.999343574
1403636903701666560.000000 1.200165510 -0.570969522 0.707245529 -0.029344074 0.014884050 -0.034589957 0.998859823
1403636903901666560.000000 1.243080735 -0.584297478 0.736499071 -0.034049500 0.011235040 -0.025072578 0.999042451
1403636904101666816.000000 1.291708589 -0.620628476 0.768966734 -0.027784750 0.008767169 -0.018624222 0.999401987
1403636904301666816.000000 1.343799829 -0.673030078 0.797987700 -0.025114723 0.009080327 -0.014714209 0.999535024
1403636904501666560.000000 1.407680273 -0.719552875 0.827848256 -0.022484066 0.012588552 -0.019048296 0.999486446
1403636904701666560.000000 1.475820422 -0.752203643 0.862694442 -0.022726336 0.018114582 -0.025860414 0.999243021
1403636904901666560.000000 1.548379660 -0.778661549 0.898285687 -0.022899039 0.023310771 -0.031533305 0.998968422
1403636905651666432.000000 1.762497544 -0.879614592 1.030042529 -0.030100163 0.025581248 -0.047413003 0.998093963
1403636905851666432.000000 1.798853993 -0.899645865 1.072597265 -0.031408947 0.016626021 -0.043274384 0.998430967
1403636906051666432.000000 1.829399109 -0.900750041 1.125097871 -0.038772617 0.012374544 -0.044445608 0.998182476
1403636906601666816.000000 1.890440941 -0.961219668 1.281466365 -0.025816217 -0.001316356 -0.017226275 0.999517441
1403636906801666816.000000 1.916906118 -0.979297400 1.343109846 -0.025571117 0.004360553 -0.032341477 0.999140203
1403636907201666560.000000 1.973740339 -1.016313791 1.462791443 -0.033332653 0.002285528 -0.045372702 0.998411238
1403636907451666688.000000 2.001445055 -1.034200311 1.546958208 -0.041612737 -0.004029803 -0.036108650 0.998473048
1403636907651666432.000000 2.023766279 -1.073957920 1.617154956 -0.041602381 -0.008599386 -0.025183121 0.998779833
1403636907851666432.000000 2.052717924 -1.128227830 1.693395972 -0.040195026 -0.010101755 -0.020916576 0.998921812
1403636908001666560.000000 2.081204653 -1.155842185 1.758126736 -0.032272622 -0.008346327 -0.029097438 0.999020636
1403636908201666560.000000 2.125810385 -1.185123086 1.848007441 -0.022708008 -0.009250790 -0.040340390 0.998885095
1403636908401666560.000000 2.164877415 -1.218271732 1.938074589 -0.022877119 -0.012525545 -0.043754123 0.998701870
1403636908651666432.000000 2.215828419 -1.245635509 2.048643589 -0.027218617 -0.018083649 -0.045928806 0.998410106
1403636908851666432.000000 2.253892422 -1.280623794 2.132993221 -0.036677741 -0.022180814 -0.041836798 0.998204648
1403636909001666560.000000 2.278207302 -1.319475174 2.197530985 -0.039963096 -0.023403492 -0.040638823 0.998100042
1403636909351666432.000000 2.343988657 -1.417142153 2.363395691 -0.040785670 -0.023134427 -0.035687990 0.998262346
1403636909501666560.000000 2.376871347 -1.446276665 2.444571257 -0.034331243 -0.020396452 -0.039552297 0.998419225
1403636909651666432.000000 2.411216736 -1.468144774 2.529030800 -0.030539250 -0.020421265 -0.034173794 0.998740435
1403636909851666432.000000 2.460932970 -1.482742548 2.649300575 -0.015425175 -0.014685243 -0.044669695 0.998774767
1403636910051666432.000000 2.506834507 -1.483714461 2.768103600 -0.003200281 -0.006423250 -0.068174854 0.997647583
1403636910301666816.000000 2.544953108 -1.490103126 2.893303871 -0.019142166 -0.014286770 -0.050090935 0.998459041
1403636910451666688.000000 2.562243223 -1.506565332 2.960392475 -0.025187310 -0.016383540 -0.048181556 0.998386562
1403636910651666432.000000 2.582815409 -1.533251047 3.045326710 -0.026430493 -0.017870327 -0.050152075 0.998231888
1403636910851666432.000000 2.603723049 -1.545829058 3.133590460 -0.027401976 -0.019762181 -0.047886219 0.998281300
1403636911751666432.000000 2.685045242 -1.667260408 3.480957031 -0.024884017 -0.018690094 -0.047407132 0.998390734
1403636911951666688.000000 2.700814724 -1.690410137 3.552375793 -0.031322319 -0.023167029 -0.029577699 0.998802960
1403636912101666816.000000 2.718547821 -1.696004272 3.612014532 -0.031979393 -0.020975988 -0.031717300 0.998764932
1403636912251666432.000000 2.737784147 -1.705504656 3.670485735 -0.027965400 -0.019114919 -0.036632881 0.998754561
1403636912401666560.000000 2.757858276 -1.723050714 3.727197170 -0.026415577 -0.017006433 -0.039591379 0.998721957
1403636913151666432.000000 2.914778233 -1.751514316 4.030818462 -0.012233841 -0.014455508 -0.037633859 0.999112129
1403636913601666816.000000 3.040349483 -1.777920127 4.174927711 -0.021743273 -0.015768949 -0.033840567 0.999066234
1403636913751666432.000000 3.084685802 -1.786998153 4.223575592 -0.022142641 -0.013402698 -0.038205970 0.998934627
1403636913901666560.000000 3.130987644 -1.795398593 4.268417358 -0.021318844 -0.012936085 -0.039740667 0.998898804
1403636914201666560.000000 3.217012644 -1.831960917 4.346023560 -0.020615211 -0.014513012 -0.035300504 0.999058664
1403636914501666560.000000 3.307374954 -1.859072089 4.425509453 -0.020134421 -0.010311983 -0.043774169 0.998785317
1403636914951666688.000000 3.433286905 -1.929943681 4.515822887 -0.019887995 -0.006568502 -0.045664869 0.998737216
1403636915101666816.000000 3.469920874 -1.942254424 4.545145988 -0.024398940 -0.004911020 -0.045893244 0.998636246
1403636915251666432.000000 3.507001400 -1.947475553 4.577625275 -0.032899212 -0.003759598 -0.045816254 0.998400927
1403636915751666432.000000 3.611698389 -1.975707889 4.710592270 -0.021431761 -0.011797778 -0.024709119 0.999395311
1403636916201666560.000000 3.726194143 -2.059493065 4.815074444 -0.018922701 -0.006828144 -0.047084544 0.998688340
1403636916351666432.000000 3.765385151 -2.083687067 4.845998287 -0.019305589 -0.008520558 -0.045166377 0.998756588
1403636916501666560.000000 3.802206755 -2.108844757 4.873250961 -0.018982319 0.000643671 -0.047210172 0.998704433
1403636916651666432.000000 3.840812206 -2.128481388 4.902120113 -0.018750727 0.021623515 -0.043759644 0.998632073
1403636917151666432.000000 3.928318977 -2.137462854 5.007020950 -0.017149730 0.052042890 -0.028466955 0.998091757
1403636919151666432.000000 3.985235929 -2.231244802 5.264973640 -0.004293076 0.149544641 0.045138482 0.987714827
1403636919301666816.000000 3.994453430 -2.278593063 5.269598961 -0.002152139 0.157077968 0.045156449 0.986550987
1403636919601666816.000000 4.033512115 -2.344936609 5.269013405 -0.003255896 0.179087073 0.023727793 0.983541667
1403636919801666816.000000 4.064348221 -2.365258455 5.262552261 -0.000651149 0.183362961 0.019219493 0.982857227
1403636920101666816.000000 4.100880623 -2.365327835 5.252449989 0.005973710 0.178276375 0.032014746 0.983441412
1403636921401666560.000000 4.217558861 -2.308716059 5.039761066 -0.003665523 0.183797807 0.019366760 0.982766449
1403636921601666816.000000 4.224752426 -2.285866976 5.008785725 -0.005077444 0.179358691 0.034972664 0.983148813
1403636922501666560.000000 4.298172474 -2.158823490 4.916587830 -0.034688544 0.216770649 0.027487231 0.975218773
1403636923401666560.000000 4.347397327 -2.079415798 4.875442505 -0.019681059 0.283117682 0.059286147 0.957048714
1403636924251666432.000000 4.435700893 -2.039829016 4.900391579 -0.047400370 0.298365712 0.058027185 0.951506197
1403636925851666432.000000 4.882961750 -2.030999899 5.229679108 -0.061165038 0.327069730 0.071632087 0.940294147
1403636926151666432.000000 4.998517513 -2.088727474 5.338112354 -0.006366144 0.326840132 0.064122140 0.942880392
1403636926551666432.000000 5.122635365 -2.096649885 5.482694149 0.011486462 0.315006495 0.079887450 0.945651591
1403636926751666432.000000 5.182774067 -2.098662615 5.526534081 -0.001633487 0.315954655 0.074882485 0.945813239
1403636927051666432.000000 5.271970749 -2.108214855 5.571584225 -0.006368174 0.344222635 0.099977344 0.933528125
1403636929501666560.000000 6.371389389 -2.256973982 6.024303913 0.005933047 0.435677022 0.122482538 0.891710937
1403636930251666432.000000 6.644121647 -2.317266226 6.078717232 -0.000564015 0.434675634 0.117427796 0.892898381
1403636930401666560.000000 6.690444946 -2.341172934 6.076075554 -0.001379709 0.435486943 0.116329312 0.892645895
1403636930851666432.000000 6.811688423 -2.376685619 6.068408012 0.005724547 0.433885217 0.122577570 0.892572463
1403636931301666816.000000 6.938799858 -2.350097656 6.017014503 0.019338852 0.468321025 0.118330717 0.875385225
1403636932251666432.000000 7.003060341 -2.313189745 5.803764820 0.007492614 0.486644387 0.112542726 0.866288245
1403636932401666560.000000 6.988354683 -2.298150063 5.775700092 0.005929563 0.494901329 0.097905561 0.863395691
1403636932701666560.000000 6.931677818 -2.305005550 5.704665661 0.007728497 0.517966747 0.116434120 0.847404242
1403636933001666560.000000 6.838007927 -2.335167408 5.626484871 0.004875671 0.542404532 0.134431288 0.829277933
1403636934051666432.000000 6.509966850 -2.241282940 5.485990524 0.005589819 0.569125533 0.157680660 0.806970716
1403636934201666560.000000 6.467867374 -2.221042156 5.467939377 0.006272878 0.591993988 0.163832083 0.789089859
1403636935351666432.000000 6.130001545 -2.191101313 5.224236965 0.011338146 0.704292834 0.211347386 0.677624762
1403636935501666560.000000 6.088732719 -2.197121143 5.187069416 0.013303874 0.700606585 0.212071061 0.681174934
1403636935901666560.000000 5.973733902 -2.157562256 5.096129417 -0.003416499 0.692981243 0.218756691 0.686957657
1403636936051666432.000000 5.935683727 -2.124524355 5.062834740 -0.017426534 0.687348604 0.233650222 0.687499702
1403636936351666432.000000 5.896112442 -2.060165882 4.992658615 -0.012924433 0.692528009 0.222180128 0.686202526
1403636936951666688.000000 5.874329567 -1.989090800 4.835987091 -0.001889125 0.705222905 0.206692487 0.678185344
1403636938351666432.000000 5.812950134 -1.788376570 4.631378651 0.032979146 0.727759004 0.198133498 0.655760884
1403636938501666560.000000 5.781682491 -1.773502946 4.627495289 0.046313446 0.721267879 0.228616998 0.652197838
1403636938651666432.000000 5.741268158 -1.761500478 4.610361576 0.042859424 0.719430387 0.242807433 0.649328530
1403636938801666816.000000 5.699618816 -1.751362681 4.574331284 0.034547504 0.722573996 0.240002468 0.647373199
1403636939101666816.000000 5.606427670 -1.722928166 4.483126163 0.006075633 0.728745580 0.226221293 0.646310210
1403636939551666432.000000 5.477312088 -1.648250580 4.343884945 0.014884423 0.727210224 0.210404113 0.653202772
1403636939851666432.000000 5.376781940 -1.624379039 4.247031212 0.022937933 0.727804184 0.201961488 0.654970586
1403636940001666560.000000 5.316944599 -1.599805117 4.200814247 0.025628384 0.728824854 0.209681049 0.651299834
1403636940151666432.000000 5.250756741 -1.565789700 4.158091068 0.023696445 0.734560609 0.218545049 0.641948044
1403636940301666816.000000 5.180150032 -1.528318405 4.117377758 0.023271440 0.738898277 0.224467218 0.634903431
1403636940751666432.000000 4.969476223 -1.404133558 3.959945679 0.006816668 0.745106459 0.237752914 0.623091936
1403636940901666560.000000 4.897545815 -1.385791779 3.900521755 -0.002304003 0.745883107 0.239210874 0.621636033
1403636941051666432.000000 4.833223820 -1.378936410 3.835012913 -0.001712032 0.747117817 0.235702381 0.621495306
1403636941501666560.000000 4.656321526 -1.370163679 3.643887520 0.008039899 0.747061014 0.219720691 0.627342045
1403636941751666432.000000 4.562468529 -1.338043213 3.548675060 0.005108618 0.743223310 0.218201816 0.632440507
1403636941901666560.000000 4.502930641 -1.321397901 3.495597363 0.004152722 0.740703881 0.220478684 0.634609878
1403636942051666432.000000 4.447232723 -1.316934228 3.439875126 0.007005911 0.738157868 0.225089714 0.635931194
1403636942151666432.000000 4.407539368 -1.315032244 3.403807640 0.009462559 0.737998009 0.225511700 0.635935545
1403636942401666560.000000 4.314380646 -1.300815344 3.312766552 0.018177435 0.738215446 0.230586067 0.633669972
1403636942551666432.000000 4.259253502 -1.274904847 3.257994652 0.019223318 0.737677336 0.237086833 0.631864250
1403636942751666432.000000 4.184909344 -1.228455305 3.182432413 0.009431881 0.738999248 0.240404516 0.629282892
1403636942851666432.000000 4.149120331 -1.206583142 3.143816471 0.006771210 0.741294205 0.237211272 0.627827883
1403636942951666688.000000 4.116308212 -1.188352108 3.101384163 0.006055308 0.744572401 0.230646983 0.626400232
1403636943101666816.000000 4.065152168 -1.172613502 3.034989595 0.008242520 0.747911155 0.224211067 0.624732196
1403636943201666560.000000 4.033760548 -1.165474415 2.991284847 0.011117552 0.749266446 0.223135546 0.623447418
1403636943301666816.000000 3.999294519 -1.153912902 2.949743032 0.010500015 0.751052737 0.221543685 0.621874511
1403636943401666560.000000 3.965968609 -1.138416886 2.907139301 0.011126492 0.752751946 0.219875619 0.620399415
1403636943601666816.000000 3.897738695 -1.100532293 2.832404852 0.010268656 0.755779326 0.217904508 0.617421985
1403636943701666560.000000 3.861878872 -1.073662758 2.799828529 0.010654301 0.757222593 0.215386018 0.616530061
1403636943801666816.000000 3.826236248 -1.047378540 2.768852472 0.009138620 0.758055151 0.215216398 0.615589797
1403636943901666560.000000 3.788594007 -1.016033649 2.740892887 0.006852746 0.753580809 0.219326153 0.619649172
1403636944001666560.000000 3.750147104 -0.982040524 2.717416286 -0.003002140 0.744009078 0.229562595 0.627489150
1403636944101666816.000000 3.714044571 -0.949377298 2.693886518 -0.015552673 0.734779537 0.240273654 0.634133816
1403636944301666816.000000 3.658448935 -0.901017547 2.639171839 -0.023410585 0.725255191 0.244870529 0.643036008
1403636944451666688.000000 3.628002644 -0.879950762 2.595424891 -0.014338882 0.726481676 0.230662450 0.647158146
1403636944601666816.000000 3.606163979 -0.869012833 2.550193310 -0.010590148 0.732441962 0.205103785 0.649114132
1403636945351666432.000000 3.481994152 -0.870818973 2.423613310 0.002354988 0.717857838 0.196841195 0.667778611
1403636945501666560.000000 3.450228930 -0.871298909 2.414775133 0.001638900 0.718549609 0.197147146 0.666945934
1403636945801666816.000000 3.377103329 -0.856933236 2.408062220 -0.023957185 0.713530838 0.223930508 0.663441718
1403636946051666432.000000 3.342526674 -0.829712510 2.418458223 -0.014015358 0.719592750 0.214490011 0.660290718
1403636946351666432.000000 3.317255020 -0.769701183 2.453052521 -0.004190433 0.727059007 0.204280972 0.655466914
1403636946651666432.000000 3.289467812 -0.683923006 2.509088039 -0.000048855 0.730553210 0.205464929 0.651211321
1403636946801666816.000000 3.270122051 -0.654118836 2.539842367 0.018570770 0.724097133 0.227821693 0.650719404
1403636946951666688.000000 3.254188299 -0.630458772 2.560702801 0.031953160 0.717841446 0.246789828 0.650213420
1403636947151666432.000000 3.228556871 -0.578585804 2.572860241 0.028916651 0.717063189 0.250902265 0.649640203
1403636947651666432.000000 3.211247921 -0.514426947 2.523824930 -0.014895413 0.723901570 0.240601957 0.646417320
1403636947951666688.000000 3.251842737 -0.501416802 2.480905056 -0.029043445 0.731598556 0.214618862 0.646420062
1403636948201666560.000000 3.302189589 -0.476564050 2.468857765 -0.029919272 0.726688862 0.223463282 0.648916245
1403636948401666560.000000 3.361712933 -0.454849362 2.471479416 -0.033411920 0.726413131 0.216134995 0.651531518
1403636948801666816.000000 3.502614260 -0.412135839 2.532477379 -0.031105036 0.728322327 0.188590482 0.658037007
1403636948951666688.000000 3.559849262 -0.426714003 2.575391769 -0.001867982 0.721415997 0.202550441 0.662215054
1403636949151666432.000000 3.628033161 -0.442442596 2.638136625 0.012326163 0.717716157 0.205730915 0.665136456
1403636949301666816.000000 3.672554493 -0.442372262 2.685969591 0.009420278 0.716965854 0.203987718 0.666528583
1403636949601666816.000000 3.749070883 -0.428965390 2.779308558 0.021832829 0.712056875 0.212019563 0.668988824
1403636949801666816.000000 3.787233591 -0.427089334 2.833210468 0.007899369 0.709795892 0.219522774 0.669281065
1403636950001666560.000000 3.818978786 -0.437955022 2.874027491 -0.003176789 0.706080079 0.232161939 0.668985546
1403636950201666560.000000 3.861697912 -0.454318762 2.903646469 -0.010673018 0.705955446 0.235738948 0.667787552
1403636950401666560.000000 3.914828539 -0.458983779 2.929610729 -0.012719353 0.710779846 0.223653674 0.666790247
1403636950601666816.000000 3.977982283 -0.452426553 2.958729982 -0.014931588 0.718037486 0.201727286 0.665961981
1403636950801666816.000000 4.042249203 -0.459733367 2.995281458 -0.004588011 0.717064917 0.201361120 0.667271018
1403636951001666560.000000 4.100133896 -0.482111335 3.033613920 0.003221507 0.714682221 0.204218462 0.668964684
1403636951201666560.000000 4.152269363 -0.517801881 3.069522381 0.007802477 0.708728254 0.220379844 0.670131445
1403636951401666560.000000 4.201331139 -0.533075809 3.105009079 -0.010942412 0.705928326 0.230422422 0.669664800
1403636951601666816.000000 4.261210442 -0.536541581 3.142639160 -0.019146549 0.707029164 0.229076415 0.668780386
1403636952251666432.000000 4.511988640 -0.585942507 3.264490128 -0.003440798 0.716477871 0.202267274 0.667634308
1403636952501666560.000000 4.610815048 -0.581828237 3.332514286 0.011296163 0.715144217 0.203294054 0.668664932
1403636953251666432.000000 4.841251850 -0.545026898 3.534104824 0.002053544 0.705271840 0.233212560 0.669476926
1403636953501666560.000000 4.922109604 -0.528235674 3.587474823 -0.003375818 0.709154487 0.219327003 0.670062900
1403636953801666816.000000 5.022752762 -0.545553327 3.639315605 -0.024002986 0.710855424 0.207520857 0.671597838
1403636954401666560.000000 5.262294769 -0.649051666 3.766941547 -0.018663520 0.706779897 0.216418982 0.673258364
1403636954701666560.000000 5.402687550 -0.709939361 3.848938942 -0.018691868 0.712249219 0.214717403 0.668018043
1403636955001666560.000000 5.554272175 -0.719139457 3.956032276 -0.002265785 0.722736597 0.207170427 0.659338474
1403636955251666432.000000 5.673966885 -0.724744081 4.052384377 -0.006032356 0.730040491 0.208380997 0.650831640
1403636955501666560.000000 5.787756443 -0.753779292 4.148372173 -0.006351800 0.736840129 0.208431602 0.643103778
1403636955801666816.000000 5.919733047 -0.779632926 4.278910160 -0.007194773 0.740715861 0.209954813 0.638127983
1403636956101666816.000000 6.037919998 -0.839310765 4.405768394 0.018172070 0.735702038 0.231237695 0.636350095
1403636956401666560.000000 6.150214195 -0.889593005 4.511527538 0.009305988 0.740773439 0.226871774 0.632216215
1403636956651666432.000000 6.237474442 -0.912947416 4.595859528 0.012606033 0.735192001 0.210852265 0.644108117
1403636956951666688.000000 6.317271233 -0.927060366 4.700645924 0.021637734 0.682933927 0.210984245 0.699012637
1403636957251666432.000000 6.368839741 -0.969610572 4.765622139 0.000562103 0.625960469 0.172959790 0.760432839
1403636957951666688.000000 6.449911594 -0.995255351 4.929433823 0.000947780 0.526322663 0.152475819 0.836501479
1403636959151666432.000000 6.598361492 -1.070513248 5.073348045 -0.017820025 0.413102210 0.102304123 0.904744625
1403636959751666432.000000 6.680633068 -1.009330511 5.196732998 -0.009819819 0.424001932 0.100476786 0.900016844
1403636960001666560.000000 6.701917648 -1.016239166 5.243762970 -0.014140905 0.425013125 0.105145551 0.898948491
1403636961601666816.000000 6.616877079 -1.102263927 5.626675606 -0.012102430 0.249412715 0.041929662 0.967413485
1403636961851666432.000000 6.575987339 -1.170162201 5.658761501 -0.013468120 0.206094384 0.026001642 0.978093863
1403636962051666432.000000 6.541225433 -1.209098101 5.684865475 -0.014646467 0.165062562 0.011353461 0.986109018
1403636962251666432.000000 6.503614426 -1.239898443 5.711224079 -0.014094450 0.120345928 -0.004983012 0.992619455
1403636962651666432.000000 6.416784286 -1.347801089 5.732059956 -0.016590772 0.027925795 -0.054139882 0.998004913
1403636962851666432.000000 6.364870548 -1.391197324 5.744108200 -0.015664315 -0.000573706 -0.076347612 0.996958077
1403636963451666688.000000 6.157585621 -1.422964692 5.759328842 -0.011380597 -0.013527777 -0.044418216 0.998856604
1403636963701666560.000000 6.071401119 -1.420001745 5.747714520 -0.012771069 -0.002138000 -0.047546912 0.998785079
1403636963951666688.000000 5.984450817 -1.440613151 5.720400333 -0.011297484 0.004872227 -0.046510644 0.998842061
1403636964451666688.000000 5.791423321 -1.497398973 5.630735397 -0.007296145 0.004949808 -0.053207774 0.998544514
1403636964701666560.000000 5.682878971 -1.486190200 5.579993725 -0.006577877 -0.008660621 -0.073295407 0.997250974
1403636964951666688.000000 5.553301334 -1.462837458 5.515711784 -0.000731857 -0.056680553 -0.089663580 0.994357705
1403636965201666560.000000 5.404684544 -1.451753139 5.432468891 -0.009311980 -0.111433983 -0.100363098 0.988647044
1403636965451666688.000000 5.249680042 -1.461512327 5.332834244 -0.059306204 -0.130621880 -0.109841190 0.983542383
1403636965651666432.000000 5.114968300 -1.512145758 5.266524315 -0.045896530 -0.141167283 -0.087043434 0.985083103
1403636966101666816.000000 4.827643871 -1.597209573 5.153898239 -0.008208570 -0.131176874 -0.092480808 0.987001777
1403636966551666432.000000 4.559636116 -1.589055777 5.038836479 -0.008379786 -0.135315925 -0.055176474 0.989229500
1403636967601666816.000000 4.138931751 -1.425924063 4.675343990 0.000254122 -0.112357907 -0.080989331 0.990361750
1403636967851666432.000000 4.050777435 -1.372067928 4.557427406 0.000843707 -0.109830111 -0.081923343 0.990568101
1403636968051666432.000000 3.987818003 -1.284307480 4.472263813 0.003097367 -0.110318638 -0.082034633 0.990500152
1403636968301666816.000000 3.912015915 -1.175735235 4.347643375 0.001713413 -0.112516887 -0.077294648 0.990637481
1403636968501666560.000000 3.851855516 -1.107466340 4.231030941 -0.001467790 -0.112297200 -0.076803245 0.990700960
1403636968701666560.000000 3.802456141 -1.070497155 4.102190971 -0.001559712 -0.109981634 -0.084637411 0.990322232
1403636968951666688.000000 3.720409632 -0.999583483 3.934523344 -0.000979575 -0.108458579 -0.085144639 0.990447462
1403636969201666560.000000 3.640923977 -0.956177831 3.747802258 -0.010901821 -0.110489361 -0.077206708 0.990813971
1403636969451666688.000000 3.567087650 -0.943630099 3.548718691 -0.032631904 -0.108339831 -0.079691097 0.990377188
1403636969701666560.000000 3.485589981 -0.920954049 3.373589277 -0.036492597 -0.104820363 -0.080287330 0.990573049
1403636969951666688.000000 3.401440620 -0.876497269 3.224957705 -0.034843713 -0.103796408 -0.080030084 0.990761042
1403636970201666560.000000 3.320530176 -0.826788604 3.091743708 -0.013732316 -0.106930614 -0.077256382 0.991165400
1403636970501666560.000000 3.216716766 -0.756423950 2.941643953 -0.029328844 -0.107291631 -0.079328969 0.990623653
1403636970801666816.000000 3.110124588 -0.710493565 2.796751738 -0.051279020 -0.108182423 -0.083688550 0.989274144
1403636971051666432.000000 3.009741545 -0.690683722 2.710103273 -0.063636698 -0.111746028 -0.076721661 0.988724947
1403636971301666816.000000 2.912155151 -0.662556529 2.658430815 -0.041786700 -0.123216443 -0.043084219 0.990563154
1403636971901666560.000000 2.795473337 -0.538811564 2.634242535 -0.009062452 -0.120861433 -0.064267814 0.990545332
1403636972201666560.000000 2.771240711 -0.490536034 2.615163565 -0.014791233 -0.121213496 -0.064444296 0.990421891
1403636972551666432.000000 2.764534950 -0.491900027 2.573084116 -0.024581673 -0.118482642 -0.068414584 0.990291417
1403636972951666688.000000 2.769801617 -0.521416605 2.531526089 -0.021695828 -0.111258708 -0.073486686 0.990833223
1403636973501666560.000000 2.788973331 -0.463474333 2.517108917 -0.026132630 -0.067029171 -0.061101686 0.995535433
1403636973801666816.000000 2.794683456 -0.409361780 2.525561571 -0.013904333 -0.061138324 -0.063224196 0.996027887
1403636974201666560.000000 2.791658163 -0.385347486 2.513466358 -0.024132296 -0.039719637 -0.048448235 0.997743845
1403636974501666560.000000 2.804616451 -0.355879068 2.513348103 -0.018058861 0.040972117 -0.027442385 0.998620093
1403636974901666560.000000 2.813053846 -0.301254719 2.523818493 -0.026953766 0.149096355 0.022940403 0.988189042
1403636975551666432.000000 2.848849058 -0.294363916 2.531363249 -0.016080653 0.227620885 0.035692494 0.972962558
1403636977051666432.000000 3.020881653 -0.195150971 2.594164848 -0.017014161 0.393954813 0.114485309 0.911813140
1403636977651666432.000000 3.166227818 -0.159078658 2.588155508 -0.001618886 0.384795070 0.099301599 0.917643368
1403636978451666688.000000 3.405795097 -0.078135371 2.532629490 -0.021777363 0.401418597 0.105086811 0.909585476
1403636979051666432.000000 3.604993105 -0.081000715 2.526998758 -0.020336095 0.407196939 0.101808086 0.907420695
1403636979801666816.000000 3.896111012 -0.069186449 2.640101910 -0.040423792 0.407536894 0.107596286 0.905926406
1403636980301666816.000000 4.105247974 -0.131920874 2.782660723 -0.017195862 0.418251663 0.102481507 0.902367651
1403636980751666432.000000 4.272789001 -0.128182799 2.939074039 0.002534949 0.414336830 0.105951726 0.903931856
1403636981551666432.000000 4.510104179 -0.158113658 3.166578293 -0.003807888 0.415147394 0.113352232 0.902656853
1403636982151666432.000000 4.678293228 -0.218548417 3.319139481 -0.052779838 0.425439566 0.121173374 0.895283461
1403636982601666816.000000 4.861495018 -0.284627795 3.494118214 -0.011232997 0.422270447 0.121737123 0.898187935
1403636983201666560.000000 5.165506363 -0.377212524 3.715416431 -0.014360873 0.421664745 0.106194250 0.900397420
1403636983851666432.000000 5.475755215 -0.424347818 3.973280191 -0.031516649 0.429667711 0.105137080 0.896291614
1403636984401666560.000000 5.735978603 -0.557227969 4.221822262 -0.022820435 0.437352121 0.105300710 0.892812490
1403636984901666560.000000 5.948779106 -0.638587475 4.501000881 -0.011878585 0.436353356 0.109190568 0.893046558
1403636985401666560.000000 6.133498669 -0.729883611 4.767505646 -0.015508956 0.436309606 0.102601089 0.893793285
1403636986951666688.000000 6.233226299 -0.991380274 5.613966465 -0.004453439 0.394629806 0.104908809 0.912820697
1403636987301666816.000000 6.198469162 -1.098554134 5.742324829 -0.001133731 0.402215689 0.095990375 0.910498321
1403636988351666432.000000 5.979278088 -1.258866310 6.015042305 0.017890412 0.379874080 0.113267638 0.917903066
1403636989351666432.000000 5.728074074 -1.253689766 5.791301250 0.030374596 0.387121499 0.099800520 0.916108191
1403636989751666432.000000 5.601686478 -1.219759822 5.547060490 -0.006986969 0.393841773 0.091169789 0.914618969
1403636990151666432.000000 5.469580173 -1.167725325 5.312705040 0.010606541 0.394192249 0.087062664 0.914833367
1403636990501666560.000000 5.332676888 -1.142919540 5.094911575 -0.005337920 0.390902728 0.087156244 0.916280746
1403636990951666688.000000 5.151996613 -1.067388892 4.834894657 -0.013754969 0.385683835 0.086299047 0.918483138
1403636991401666560.000000 4.971702099 -0.960092187 4.619979858 -0.014996395 0.388244689 0.086407788 0.917373896
1403636991901666560.000000 4.772765160 -0.948133707 4.381575584 -0.008615229 0.389666915 0.112571351 0.914009452
1403636992501666560.000000 4.592494488 -0.888363659 4.125991344 -0.013225803 0.407097429 0.096170202 0.908211529
1403636993051666432.000000 4.433027267 -0.856490970 3.924899817 -0.015708180 0.417039961 0.094601318 0.903815031
1403636993851666432.000000 4.168010235 -0.866633415 3.680006266 -0.009292407 0.317182899 0.067063935 0.945944607
1403636994901666560.000000 3.740551949 -0.752773523 3.308182955 -0.002051424 0.299375236 0.086574517 0.950197399
1403636997351666432.000000 2.774923325 -0.507955492 2.043245554 -0.029016003 0.142541915 0.013855821 0.989266336
1403636997901666560.000000 2.641669989 -0.490597308 1.865466118 -0.033596586 0.143935487 0.008980100 0.988975823
1403636998751666432.000000 2.488214493 -0.649400771 1.704682827 -0.006443834 0.155963331 0.009992269 0.987691283
1403637000001666560.000000 2.199256182 -0.685566604 1.539019346 -0.001158801 0.165036246 0.002979984 0.986282349
1403637000801666816.000000 1.914261580 -0.648655593 1.356507540 -0.004489672 0.164052501 0.005561939 0.986425757
1403637001901666560.000000 1.455573916 -0.599778414 1.011363506 -0.013694620 0.167963073 0.017411014 0.985544384
1403637002601666816.000000 1.196732163 -0.491386205 0.798518896 -0.016805453 0.171529025 0.008746091 0.984996915
1403637003501666560.000000 0.852320135 -0.396237493 0.555300355 -0.009009792 0.177846149 0.019889047 0.983816028
1403637004201666560.000000 0.604206383 -0.329394698 0.371033788 -0.024054285 0.173910797 0.015450803 0.984346330
1403637004901666560.000000 0.372928083 -0.334676534 0.209208608 -0.011651164 0.173077285 0.048554331 0.983641744
1403637005351666432.000000 0.287885875 -0.244708687 0.127410039 -0.024555283 0.185275540 0.027179928 0.982003689
1403637005901666560.000000 0.202451482 -0.184706673 0.047396250 -0.024304500 0.176436901 0.026309459 0.983660102
1403637006651666432.000000 0.122154795 -0.170826882 -0.017967377 -0.025652811 0.163544208 0.036305163 0.985533953
1403637007851666432.000000 0.097952187 -0.070226535 -0.043058209 -0.032119863 0.062154178 -0.025954744 0.997211874
1403637008251666432.000000 0.072757341 -0.044215832 -0.051343866 -0.038964272 0.069467597 -0.016114082 0.996692717
1403637008651666432.000000 0.045293611 -0.054101225 -0.043355659 -0.015837116 0.075397871 -0.009049526 0.996986687
1403637009051666432.000000 0.039214600 -0.040071182 -0.020118948 -0.026557215 0.073720522 0.013322968 0.996836245
1403637009601666816.000000 0.082688183 -0.005686522 0.007610584 0.034373235 0.030090289 0.005992445 0.998938024
1403637009901666560.000000 0.086451940 -0.001893544 0.002593364 0.025166834 0.048214018 0.014212624 0.998418808
